>GGGSCC	ARCH1_StBRC1	8.24410992208004
0.244	0.001	0.754	0.001
0.001	0.001	0.997	0.001
0.001	0.001	0.997	0.001
0.001	0.551	0.447	0.001
0.001	0.766	0.001	0.232
0.001	0.997	0.001	0.001
>GGGGCA	ARCH2_Zac1	8.85664523224272
0.001	0.001	0.997	0.001
0.146	0.001	0.852	0.001
0.001	0.001	0.997	0.001
0.001	0.001	0.862	0.136
0.001	0.997	0.001	0.001
0.749	0.249	0.001	0.001
>GGGGACCC	ARCH3_PLAGL2	12.4207312558775
0.001	0.001	0.997	0.001
0.001	0.001	0.997	0.001
0.171	0.001	0.827	0.001
0.001	0.001	0.997	0.001
0.915	0.083	0.001	0.001
0.001	0.997	0.001	0.001
0.001	0.997	0.001	0.001
0.001	0.997	0.001	0.001
>	ARCH4_Klf1/Klf4/Klf2_Klf11_...	25.3538627966552
0.030	0.654	0.152	0.163
0.045	0.711	0.125	0.119
0.114	0.657	0.111	0.117
0.077	0.464	0.308	0.150
0.056	0.352	0.424	0.169
0.070	0.632	0.155	0.143
0.082	0.579	0.182	0.157
0.080	0.648	0.141	0.132
0.164	0.524	0.135	0.177
0.197	0.202	0.444	0.158
0.107	0.212	0.572	0.110
0.060	0.785	0.049	0.106
0.059	0.721	0.028	0.193
0.193	0.774	0.020	0.014
0.009	0.954	0.015	0.022
0.151	0.023	0.679	0.146
0.002	0.967	0.019	0.012
0.005	0.975	0.010	0.010
0.007	0.878	0.008	0.106
0.193	0.578	0.043	0.187
0.076	0.495	0.185	0.244
0.115	0.396	0.214	0.274
0.106	0.461	0.214	0.219
0.107	0.530	0.204	0.160
>	ARCH5_Egr3/Egr1_Klf5_Klf7_S...	15.2470267568022
0.106	0.539	0.158	0.197
0.149	0.518	0.122	0.211
0.262	0.686	0.028	0.023
0.028	0.931	0.005	0.037
0.155	0.050	0.701	0.095
0.000	0.999	0.000	0.000
0.001	0.998	0.001	0.000
0.010	0.882	0.011	0.097
0.388	0.549	0.027	0.035
0.011	0.934	0.010	0.045
0.167	0.016	0.657	0.159
0.004	0.880	0.090	0.027
>GCCMCDCCCWSCCC	ARCH6_Klf5_Klf7_Klf8	16.1178463330888
0.124	0.078	0.595	0.202
0.050	0.854	0.038	0.058
0.008	0.944	0.006	0.042
0.275	0.609	0.030	0.086
0.012	0.944	0.010	0.034
0.427	0.002	0.309	0.263
0.004	0.978	0.008	0.010
0.002	0.992	0.002	0.004
0.008	0.948	0.000	0.044
0.345	0.170	0.022	0.463
0.088	0.291	0.463	0.158
0.116	0.543	0.178	0.162
0.102	0.551	0.148	0.198
0.122	0.661	0.090	0.126
>	ARCH7_PB0097.1_Zfp281_1__VEZF1	7.55157089298085
0.214	0.001	0.743	0.042
0.104	0.192	0.660	0.044
0.054	0.086	0.859	0.001
0.058	0.094	0.747	0.101
0.103	0.036	0.711	0.149
0.001	0.240	0.759	0.001
>STSCCCGGSC	ARCH8_Pax5/Pax8/Pax2	12.9185904711178
0.049	0.460	0.334	0.156
0.000	0.000	0.000	0.999
0.038	0.639	0.299	0.024
0.013	0.934	0.008	0.046
0.015	0.952	0.030	0.003
0.006	0.993	0.000	0.001
0.059	0.233	0.707	0.000
0.033	0.058	0.909	0.000
0.069	0.384	0.498	0.049
0.021	0.883	0.006	0.089
>CSGGGGKC	ARCH9_CTCFL	10.8970415247193
0.001	0.997	0.001	0.001
0.001	0.619	0.379	0.001
0.001	0.001	0.997	0.001
0.001	0.001	0.752	0.246
0.001	0.094	0.904	0.001
0.098	0.149	0.752	0.001
0.001	0.001	0.643	0.355
0.001	0.997	0.001	0.001
>	ARCH10_SHN3__ERF73__AT1G281...	12.0976828851294
0.024	0.768	0.153	0.055
0.063	0.920	0.011	0.006
0.001	0.002	0.986	0.011
0.001	0.984	0.014	0.001
0.003	0.995	0.001	0.001
0.014	0.001	0.984	0.001
0.008	0.894	0.001	0.097
0.074	0.908	0.001	0.018
>SGNGSGCGCGC	ARCH11_/E2f4_E2f6_E2f8/E2f7	13.4635485073072
0.113	0.366	0.448	0.073
0.000	0.022	0.978	0.000
0.122	0.194	0.426	0.258
0.038	0.105	0.856	0.000
0.028	0.633	0.254	0.085
0.022	0.000	0.978	0.000
0.090	0.668	0.119	0.123
0.040	0.065	0.895	0.000
0.083	0.705	0.110	0.102
0.000	0.022	0.978	0.000
0.017	0.709	0.229	0.045
>CGCCGCGC	ARCH12_RBM4	11.9233030225444
0.001	0.851	0.001	0.147
0.001	0.087	0.911	0.001
0.001	0.997	0.001	0.001
0.001	0.803	0.195	0.001
0.001	0.101	0.897	0.001
0.001	0.891	0.107	0.001
0.001	0.001	0.997	0.001
0.001	0.997	0.001	0.001
>ATYAAA	ARCH13_Arid2_Arid3c/Arid3a/...	8.67030200384319
1.000	0.000	0.000	0.000
0.000	0.000	0.000	1.000
0.037	0.333	0.000	0.630
1.000	0.000	0.000	0.000
1.000	0.000	0.000	0.000
0.741	0.000	0.037	0.222
>	ARCH14_POL012.1_TATA-Box__K...	8.56158942271275
0.129	0.001	0.001	0.870
0.040	0.001	0.001	0.959
0.001	0.001	0.004	0.994
0.997	0.001	0.001	0.001
0.001	0.001	0.376	0.623
0.791	0.129	0.049	0.032
>ATTTTT	ARCH15_HNRNPC	7.08583121985183
0.700	0.100	0.100	0.100
0.100	0.100	0.100	0.700
0.100	0.100	0.100	0.700
0.100	0.100	0.100	0.700
0.100	0.100	0.100	0.700
0.100	0.100	0.100	0.700
>	ARCH16_REM19__TIAR-1	7.93389950574177
0.725	0.162	0.063	0.051
0.747	0.124	0.079	0.051
0.795	0.063	0.055	0.088
0.849	0.051	0.051	0.051
0.818	0.055	0.051	0.077
0.790	0.060	0.051	0.100
>	ARCH17_Alx3/Alx4/Alx1_Barx2...	13.1612212104322
0.547	0.141	0.134	0.177
0.552	0.065	0.103	0.281
0.764	0.047	0.079	0.109
0.736	0.014	0.080	0.170
0.806	0.063	0.051	0.080
0.023	0.072	0.017	0.888
0.810	0.081	0.018	0.090
0.132	0.117	0.031	0.720
0.818	0.026	0.090	0.067
0.143	0.132	0.067	0.658
0.560	0.111	0.116	0.214
>	ARCH18_Alx3/Alx4/Alx1_Barx2...	12.9234098825805
0.105	0.201	0.530	0.164
0.079	0.497	0.066	0.357
0.621	0.105	0.165	0.110
0.062	0.081	0.019	0.838
0.851	0.033	0.050	0.065
0.010	0.070	0.019	0.901
0.696	0.019	0.189	0.096
0.026	0.078	0.019	0.876
0.716	0.054	0.144	0.086
0.306	0.062	0.011	0.621
0.164	0.112	0.112	0.611
>	ARCH19_Mef2c/Mef2b/Mef2a/Mef2d	12.4289644176615
0.000	0.750	0.000	0.250
0.000	0.085	0.000	0.915
1.000	0.000	0.000	0.000
0.436	0.000	0.000	0.564
0.517	0.000	0.025	0.458
0.505	0.000	0.000	0.495
0.615	0.000	0.000	0.385
0.000	0.000	0.000	1.000
0.972	0.000	0.028	0.000
0.250	0.000	0.750	0.000
>	ARCH20_br-Z1__Ubx	14.628046312209
0.356	0.001	0.001	0.642
0.030	0.001	0.058	0.911
0.814	0.001	0.184	0.001
0.001	0.001	0.959	0.040
0.001	0.001	0.015	0.983
0.971	0.027	0.001	0.001
0.001	0.045	0.013	0.941
0.059	0.004	0.079	0.859
0.921	0.001	0.001	0.076
0.005	0.015	0.040	0.940
>	ARCH21_Mael_Tox3/Tox/Tox2/Tox4	12.2933547758519
0.208	0.018	0.288	0.487
0.153	0.047	0.234	0.566
0.740	0.038	0.165	0.056
0.065	0.048	0.021	0.867
0.209	0.207	0.043	0.541
0.908	0.035	0.021	0.036
0.028	0.056	0.053	0.863
0.151	0.046	0.050	0.752
0.719	0.095	0.083	0.103
0.001	0.117	0.428	0.453
0.286	0.066	0.100	0.548
>ATAATTAT	ARCH22_Alx3/Alx4/Alx1_Barx2...	12.4506551183001
0.971	0.010	0.010	0.010
0.010	0.010	0.010	0.971
0.971	0.010	0.010	0.010
0.971	0.010	0.010	0.010
0.010	0.010	0.010	0.971
0.010	0.010	0.010	0.971
0.971	0.010	0.010	0.010
0.010	0.010	0.010	0.971
>	ARCH23_ROX8__Unknown6	8.20747392026707
0.785	0.045	0.001	0.170
0.253	0.001	0.001	0.746
0.001	0.001	0.001	0.997
0.001	0.004	0.001	0.994
0.063	0.144	0.068	0.724
0.713	0.081	0.149	0.058
>	ARCH24_SOL1__TCX2	8.91854780784149
0.442	0.012	0.198	0.348
0.001	0.008	0.001	0.990
0.002	0.001	0.001	0.997
0.001	0.408	0.001	0.590
0.543	0.009	0.440	0.009
0.995	0.001	0.004	0.001
0.997	0.001	0.001	0.001
>	ARCH25_dof45__At4g38000__At...	9.50654472660855
0.730	0.015	0.119	0.136
0.569	0.015	0.019	0.397
0.997	0.001	0.001	0.001
0.997	0.001	0.001	0.001
0.994	0.001	0.002	0.003
0.006	0.002	0.990	0.002
0.150	0.145	0.138	0.567
>WWTAAGTATWT	ARCH26_Nkx3-2	13.5933434087808
0.444	0.056	0.056	0.444
0.611	0.056	0.056	0.278
0.053	0.053	0.000	0.895
0.947	0.000	0.000	0.053
0.947	0.053	0.000	0.000
0.000	0.000	0.947	0.053
0.000	0.000	0.000	1.000
0.895	0.000	0.105	0.000
0.158	0.158	0.000	0.684
0.526	0.000	0.158	0.316
0.211	0.158	0.105	0.526
>	ARCH27_At1g68670__LCL1	11.1044675741975
0.646	0.043	0.234	0.077
0.344	0.025	0.536	0.095
0.997	0.001	0.001	0.001
0.001	0.001	0.316	0.682
0.997	0.001	0.001	0.001
0.090	0.001	0.001	0.907
0.001	0.001	0.001	0.997
0.001	0.499	0.001	0.499
0.215	0.195	0.048	0.542
>AATKTAT	ARCH28_Dmrt2_Dmrtc2	9.78649396763487
0.765	0.048	0.048	0.139
1.000	0.000	0.000	0.000
0.000	0.000	0.000	1.000
0.130	0.000	0.489	0.381
0.000	0.000	0.000	1.000
0.909	0.000	0.000	0.091
0.092	0.000	0.000	0.908
>TATAAATW	ARCH29_Tbpl2/Tbp	10.4130486441348
0.064	0.085	0.191	0.660
0.723	0.000	0.128	0.149
0.000	0.000	0.000	1.000
1.000	0.000	0.000	0.000
1.000	0.000	0.000	0.000
0.851	0.021	0.085	0.043
0.064	0.064	0.128	0.745
0.447	0.085	0.085	0.383
>GAAATGAW	ARCH30_AT2G31460	12.0929920308099
0.001	0.001	0.997	0.001
0.997	0.001	0.001	0.001
0.997	0.001	0.001	0.001
0.997	0.001	0.001	0.001
0.001	0.001	0.001	0.997
0.001	0.001	0.997	0.001
0.985	0.013	0.001	0.001
0.333	0.086	0.001	0.580
>TCAATTCATATT	ARCH31_TCX3	16.5312368430282
0.001	0.064	0.045	0.890
0.112	0.776	0.030	0.082
0.769	0.045	0.049	0.137
0.840	0.068	0.024	0.068
0.042	0.001	0.056	0.901
0.013	0.049	0.041	0.897
0.063	0.745	0.076	0.116
0.845	0.039	0.089	0.027
0.113	0.082	0.057	0.748
0.776	0.089	0.049	0.086
0.073	0.039	0.024	0.864
0.024	0.020	0.001	0.955
>SYMATWAAA	ARCH32_Unknown	9.60422819968536
0.066	0.372	0.444	0.118
0.086	0.628	0.013	0.273
0.421	0.346	0.019	0.213
0.631	0.030	0.190	0.149
0.104	0.014	0.013	0.869
0.463	0.005	0.023	0.509
0.895	0.020	0.014	0.071
0.893	0.044	0.050	0.013
0.616	0.113	0.087	0.184
>	ARCH33_Hoxa1/Hoxb1/Hoxd1	11.6758263542982
0.126	0.092	0.135	0.647
0.024	0.011	0.024	0.941
0.033	0.003	0.002	0.962
0.106	0.008	0.010	0.876
0.945	0.004	0.004	0.047
0.006	0.049	0.017	0.929
0.033	0.083	0.307	0.577
0.560	0.003	0.420	0.017
0.035	0.648	0.131	0.185
>ATTTAATGGG	ARCH34_EGL-5	12.5731388110227
0.605	0.014	0.216	0.165
0.225	0.023	0.057	0.695
0.053	0.020	0.083	0.844
0.104	0.027	0.105	0.764
0.654	0.023	0.095	0.228
0.837	0.013	0.015	0.135
0.016	0.020	0.022	0.942
0.018	0.007	0.852	0.123
0.154	0.053	0.702	0.091
0.034	0.184	0.659	0.123
>	ARCH35_Hoxa13__HOXB13__Hoxd13	11.1356172121589
0.051	0.727	0.194	0.028
0.030	0.509	0.003	0.458
0.408	0.361	0.001	0.230
0.780	0.001	0.175	0.044
0.006	0.006	0.002	0.986
0.771	0.006	0.135	0.088
0.989	0.001	0.001	0.009
0.993	0.003	0.002	0.001
0.672	0.110	0.080	0.138
>TAATTR	ARCH36_Barx2/Barx1_Dlx4/Dlx...	7.97448077449017
0.185	0.003	0.010	0.802
0.890	0.055	0.039	0.017
0.883	0.005	0.004	0.107
0.060	0.005	0.012	0.924
0.035	0.042	0.087	0.836
0.515	0.014	0.257	0.214
>	ARCH37_Alx3/Alx4/Alx1_Barx2...	9.16531558199534
0.552	0.213	0.174	0.062
0.013	0.013	0.013	0.962
0.855	0.098	0.000	0.048
0.855	0.047	0.000	0.098
0.155	0.012	0.012	0.820
0.077	0.069	0.024	0.829
0.651	0.036	0.223	0.089
>	ARCH38_Alx3/Alx4/Alx1_Dlx4/...	12.544028060599
0.112	0.662	0.113	0.112
0.712	0.111	0.114	0.062
0.025	0.073	0.025	0.876
0.902	0.001	0.001	0.097
0.950	0.001	0.001	0.048
0.048	0.001	0.001	0.950
0.080	0.052	0.001	0.867
0.846	0.001	0.105	0.048
0.114	0.811	0.014	0.062
>TWTTTAATTGGWT	ARCH39_Hlx	16.8651204995
0.176	0.235	0.059	0.529
0.353	0.059	0.000	0.588
0.059	0.176	0.000	0.765
0.000	0.000	0.059	0.941
0.000	0.000	0.000	1.000
1.000	0.000	0.000	0.000
1.000	0.000	0.000	0.000
0.000	0.000	0.000	1.000
0.059	0.000	0.235	0.706
0.059	0.000	0.824	0.118
0.176	0.118	0.588	0.118
0.294	0.059	0.000	0.647
0.118	0.059	0.059	0.765
>	ARCH40_Emx1/Emx2_Gbx1/Gbx2_...	10.661012981963
0.151	0.097	0.067	0.685
0.135	0.048	0.008	0.808
0.808	0.000	0.091	0.100
0.983	0.000	0.014	0.003
0.039	0.022	0.317	0.622
0.022	0.165	0.018	0.795
0.058	0.013	0.864	0.064
0.148	0.263	0.358	0.231
0.127	0.178	0.114	0.582
>KNTAAYNDTKY	ARCH41_Alx3/Alx4/Alx1_Barx2...	11.3002212319196
0.000	0.158	0.526	0.316
0.105	0.263	0.158	0.474
0.158	0.000	0.000	0.842
0.842	0.000	0.105	0.053
1.000	0.000	0.000	0.000
0.000	0.263	0.000	0.737
0.158	0.211	0.263	0.368
0.368	0.000	0.316	0.316
0.158	0.000	0.105	0.737
0.053	0.000	0.368	0.579
0.000	0.316	0.053	0.632
>TAAKKGYTTT	ARCH42_Alx3/Alx4/Alx1_Barx2...	11.2583685959424
0.200	0.120	0.047	0.633
0.793	0.080	0.120	0.007
0.973	0.020	0.000	0.007
0.127	0.100	0.260	0.513
0.100	0.007	0.300	0.593
0.013	0.053	0.927	0.007
0.080	0.287	0.040	0.593
0.147	0.160	0.013	0.680
0.147	0.107	0.120	0.627
0.187	0.173	0.120	0.520
>RTRATTAR	ARCH43_ATHB33	9.53837227827438
0.314	0.094	0.487	0.105
0.001	0.162	0.002	0.835
0.394	0.223	0.377	0.006
0.807	0.097	0.095	0.001
0.006	0.001	0.007	0.986
0.001	0.031	0.001	0.967
0.997	0.001	0.001	0.001
0.513	0.031	0.325	0.131
>CGATWAATTACA	ARCH44_mab-5	16.2774396712846
0.001	0.899	0.099	0.001
0.058	0.116	0.627	0.199
0.997	0.001	0.001	0.001
0.001	0.099	0.001	0.899
0.445	0.001	0.001	0.553
0.997	0.001	0.001	0.001
0.997	0.001	0.001	0.001
0.001	0.001	0.001	0.997
0.001	0.232	0.199	0.568
0.668	0.215	0.116	0.001
0.090	0.826	0.083	0.001
0.997	0.001	0.001	0.001
>	ARCH45_Alx3/Alx4/Alx1_Barx2...	13.178027486594
0.313	0.567	0.042	0.078
0.964	0.006	0.020	0.010
0.003	0.000	0.009	0.988
0.135	0.377	0.014	0.475
0.836	0.043	0.000	0.120
0.896	0.023	0.046	0.035
0.000	0.000	0.008	0.991
0.025	0.881	0.001	0.092
0.910	0.000	0.010	0.080
0.568	0.074	0.034	0.324
>RCTMATTA	ARCH46_Pax5/Pax8/Pax2	9.83521092326207
0.290	0.101	0.507	0.101
0.148	0.755	0.049	0.049
0.227	0.119	0.129	0.526
0.692	0.307	0.000	0.000
0.999	0.000	0.000	0.000
0.027	0.027	0.027	0.918
0.053	0.053	0.053	0.840
0.769	0.077	0.077	0.077
>CATTAATTRC	ARCH47_ANL2	14.7309716851106
0.032	0.931	0.001	0.036
0.997	0.001	0.001	0.001
0.001	0.001	0.001	0.997
0.001	0.001	0.001	0.997
0.896	0.001	0.002	0.101
0.997	0.001	0.001	0.001
0.182	0.008	0.001	0.809
0.003	0.001	0.026	0.970
0.273	0.005	0.685	0.037
0.063	0.797	0.029	0.111
>	ARCH48_Hlx	16.7647485634778
0.660	0.110	0.137	0.092
0.175	0.254	0.126	0.444
0.293	0.055	0.095	0.557
0.592	0.069	0.238	0.100
0.960	0.007	0.018	0.015
0.042	0.035	0.122	0.801
0.050	0.084	0.531	0.335
0.301	0.068	0.417	0.214
0.143	0.318	0.417	0.122
0.340	0.241	0.139	0.281
0.437	0.056	0.087	0.420
0.343	0.054	0.056	0.547
0.262	0.053	0.044	0.640
0.120	0.094	0.047	0.739
0.599	0.120	0.240	0.040
0.968	0.009	0.012	0.011
0.121	0.024	0.079	0.776
>	ARCH49_	13.9489145712472
0.133	0.043	0.048	0.775
0.922	0.011	0.041	0.027
0.995	0.001	0.001	0.002
0.005	0.024	0.006	0.965
0.001	0.783	0.112	0.104
0.374	0.038	0.586	0.002
0.791	0.024	0.182	0.003
0.003	0.038	0.002	0.958
0.009	0.048	0.015	0.928
0.765	0.052	0.042	0.141
>	ARCH50_Pax5/Pax8/Pax2	14.6068588804792
0.099	0.034	0.085	0.783
0.981	0.005	0.012	0.003
0.996	0.002	0.002	0.000
0.002	0.007	0.001	0.989
0.001	0.364	0.007	0.628
0.020	0.015	0.964	0.001
0.971	0.006	0.021	0.003
0.002	0.003	0.004	0.992
0.009	0.015	0.010	0.966
0.702	0.102	0.056	0.140
>	ARCH51_Pax5/Pax8/Pax2	12.9574606916386
0.027	0.479	0.170	0.324
0.078	0.774	0.017	0.131
0.916	0.031	0.037	0.016
0.994	0.002	0.001	0.003
0.001	0.001	0.001	0.997
0.461	0.060	0.033	0.445
0.997	0.001	0.001	0.001
0.028	0.032	0.021	0.919
0.075	0.001	0.060	0.864
0.188	0.110	0.582	0.121
>AANWTWAATG	ARCH52_Alx3/Alx4/Alx1_Barx2...	12.2635660889422
0.750	0.167	0.083	0.000
0.750	0.000	0.083	0.167
0.167	0.167	0.250	0.417
0.333	0.000	0.000	0.667
0.167	0.000	0.000	0.833
0.417	0.000	0.000	0.583
1.000	0.000	0.000	0.000
0.667	0.000	0.083	0.250
0.000	0.000	0.000	1.000
0.000	0.083	0.833	0.083
>ATTTAATK	ARCH53_At1g76110	11.5588616922468
0.988	0.001	0.010	0.001
0.055	0.001	0.014	0.930
0.001	0.001	0.022	0.976
0.187	0.011	0.001	0.801
0.997	0.001	0.001	0.001
0.997	0.001	0.001	0.001
0.001	0.001	0.001	0.997
0.091	0.124	0.498	0.287
>	ARCH54_Alx3/Alx4/Alx1_Arid2...	12.7040540179695
0.174	0.136	0.178	0.512
0.057	0.057	0.058	0.829
0.833	0.024	0.056	0.087
0.970	0.000	0.000	0.030
0.030	0.000	0.000	0.970
0.000	0.000	0.000	1.000
1.000	0.000	0.000	0.000
0.846	0.028	0.091	0.035
0.451	0.110	0.106	0.332
0.453	0.104	0.101	0.342
>	ARCH55_Alx3/Alx4/Alx1_Barx2...	15.3555296409579
0.077	0.025	0.011	0.887
0.933	0.005	0.030	0.032
0.991	0.002	0.005	0.002
0.027	0.049	0.014	0.910
0.018	0.171	0.039	0.772
0.463	0.166	0.161	0.211
0.699	0.033	0.257	0.011
0.934	0.012	0.040	0.014
0.003	0.007	0.003	0.986
0.061	0.038	0.008	0.893
0.933	0.008	0.017	0.042
>ATNAATWATTNA	ARCH56_POU4F1	14.5357312928994
0.833	0.049	0.046	0.072
0.019	0.009	0.016	0.956
0.199	0.166	0.357	0.278
0.901	0.051	0.021	0.027
0.848	0.056	0.018	0.078
0.102	0.052	0.069	0.777
0.564	0.040	0.049	0.347
0.862	0.001	0.012	0.125
0.069	0.010	0.022	0.899
0.053	0.020	0.085	0.842
0.292	0.336	0.161	0.212
0.945	0.023	0.007	0.025
>TTAATTTATTCA	ARCH57_gsb	16.5466377313248
0.052	0.139	0.172	0.637
0.062	0.048	0.031	0.859
0.758	0.061	0.059	0.122
0.811	0.080	0.020	0.089
0.044	0.022	0.042	0.892
0.074	0.016	0.020	0.890
0.079	0.022	0.083	0.816
0.928	0.001	0.001	0.070
0.034	0.039	0.039	0.888
0.018	0.022	0.131	0.829
0.041	0.823	0.001	0.135
0.875	0.030	0.055	0.040
>ACTAATTAATAG	ARCH58_ZHD1	16.5399279164384
0.997	0.001	0.001	0.001
0.081	0.817	0.001	0.101
0.001	0.001	0.100	0.898
0.809	0.001	0.189	0.001
0.811	0.001	0.001	0.187
0.001	0.100	0.001	0.898
0.101	0.001	0.106	0.792
0.796	0.001	0.001	0.202
0.796	0.202	0.001	0.001
0.001	0.001	0.105	0.893
0.789	0.001	0.101	0.109
0.110	0.089	0.700	0.101
>	ARCH59_Alx3/Alx4/Alx1_Barx2...	10.7666875235527
0.041	0.136	0.041	0.782
0.934	0.000	0.000	0.065
0.999	0.000	0.000	0.000
0.000	0.000	0.000	0.999
0.032	0.000	0.000	0.967
0.798	0.032	0.170	0.000
0.513	0.150	0.188	0.149
0.125	0.157	0.125	0.594
>	ARCH60_Arid2_Arid3c/Arid3a/...	13.116861127865
0.615	0.028	0.049	0.308
0.989	0.003	0.008	0.001
0.505	0.008	0.004	0.484
0.077	0.299	0.089	0.535
0.179	0.564	0.074	0.183
0.569	0.033	0.381	0.017
0.968	0.002	0.011	0.019
0.009	0.001	0.001	0.990
0.010	0.010	0.003	0.977
0.884	0.016	0.045	0.055
0.472	0.308	0.106	0.114
>ATAATTAW	ARCH61_M00889_2.00	10.0225597454435
0.765	0.078	0.078	0.078
0.147	0.051	0.051	0.752
0.625	0.121	0.227	0.026
0.903	0.096	0.000	0.000
0.094	0.000	0.096	0.809
0.095	0.000	0.000	0.904
0.905	0.094	0.000	0.000
0.348	0.052	0.153	0.447
>YAWTWAATG	ARCH62_HDG1	11.922242253201
0.020	0.416	0.001	0.563
0.968	0.030	0.001	0.001
0.595	0.001	0.001	0.403
0.001	0.001	0.001	0.997
0.333	0.001	0.001	0.665
0.997	0.001	0.001	0.001
0.977	0.001	0.001	0.021
0.001	0.001	0.001	0.997
0.202	0.001	0.576	0.221
>	ARCH63_Pax5/Pax8/Pax2	13.4995881050578
0.134	0.057	0.057	0.753
0.910	0.036	0.041	0.014
0.936	0.025	0.021	0.018
0.007	0.079	0.018	0.896
0.010	0.606	0.025	0.359
0.313	0.026	0.650	0.011
0.883	0.015	0.089	0.013
0.015	0.019	0.028	0.938
0.012	0.049	0.036	0.902
0.678	0.067	0.053	0.201
>AATYAAAM	ARCH64_Arid2_Arid3c/Arid3a/...	10.6531990890938
0.810	0.000	0.048	0.143
1.000	0.000	0.000	0.000
0.000	0.000	0.000	1.000
0.048	0.619	0.000	0.333
0.952	0.000	0.048	0.000
0.857	0.095	0.048	0.000
0.905	0.095	0.000	0.000
0.450	0.400	0.050	0.100
>AATYRA	ARCH65_AT1G20910	7.61051171569948
0.785	0.001	0.213	0.001
0.997	0.001	0.001	0.001
0.001	0.001	0.001	0.997
0.001	0.386	0.001	0.612
0.459	0.001	0.500	0.040
0.764	0.001	0.234	0.001
>	ARCH66_Barx2/Barx1_Dlx4/Dlx...	19.1955530773181
0.755	0.080	0.063	0.102
0.036	0.022	0.028	0.913
0.030	0.089	0.017	0.865
0.199	0.015	0.019	0.767
0.205	0.043	0.725	0.027
0.096	0.845	0.015	0.044
0.943	0.021	0.013	0.024
0.085	0.024	0.013	0.878
0.650	0.068	0.128	0.155
0.407	0.181	0.079	0.333
0.130	0.510	0.194	0.166
0.912	0.031	0.009	0.048
0.917	0.028	0.037	0.018
0.519	0.030	0.033	0.418
0.309	0.051	0.562	0.078
0.269	0.177	0.510	0.043
>CWTTGTATGCWAA	ARCH67_Oct4:Sox17	17.0887650631327
0.088	0.656	0.049	0.207
0.710	0.016	0.001	0.273
0.002	0.001	0.001	0.996
0.001	0.001	0.001	0.997
0.013	0.042	0.944	0.001
0.048	0.006	0.001	0.945
0.679	0.062	0.162	0.097
0.003	0.003	0.001	0.993
0.003	0.010	0.783	0.204
0.040	0.769	0.058	0.133
0.726	0.013	0.001	0.260
0.514	0.065	0.230	0.191
0.693	0.100	0.110	0.097
>TACAAAGGAATT	ARCH68_RME1	17.9528667715994
0.026	0.001	0.001	0.972
0.997	0.001	0.001	0.001
0.050	0.948	0.001	0.001
0.909	0.001	0.001	0.089
0.909	0.001	0.001	0.089
0.923	0.001	0.075	0.001
0.001	0.001	0.948	0.050
0.001	0.067	0.931	0.001
0.870	0.053	0.001	0.076
0.883	0.001	0.063	0.053
0.056	0.001	0.001	0.942
0.090	0.001	0.090	0.819
>AATTTCCATTTT	ARCH69_AGL27	17.9413055619342
0.933	0.001	0.001	0.065
0.874	0.124	0.001	0.001
0.001	0.001	0.001	0.997
0.070	0.077	0.001	0.852
0.063	0.001	0.001	0.935
0.051	0.871	0.077	0.001
0.041	0.893	0.065	0.001
0.997	0.001	0.001	0.001
0.061	0.001	0.001	0.937
0.001	0.097	0.001	0.901
0.001	0.001	0.076	0.922
0.074	0.001	0.001	0.924
>AATCRATC	ARCH70_M02142_2.00	10.9703699360899
0.726	0.000	0.046	0.227
0.999	0.000	0.000	0.000
0.032	0.063	0.032	0.874
0.000	0.781	0.000	0.219
0.437	0.000	0.562	0.000
0.968	0.032	0.000	0.000
0.000	0.000	0.036	0.963
0.001	0.841	0.001	0.158
>AATCGATW	ARCH71_Nkx2-2/Nkx2-9	10.8597726768969
0.757	0.022	0.013	0.208
0.916	0.010	0.027	0.048
0.026	0.017	0.010	0.947
0.030	0.848	0.024	0.098
0.176	0.021	0.757	0.046
0.927	0.015	0.033	0.026
0.131	0.028	0.029	0.812
0.635	0.018	0.039	0.309
>ATTCAWTGMA	ARCH72_PB0005.1_Bbx_1	12.8397689959626
0.701	0.139	0.088	0.072
0.171	0.024	0.072	0.733
0.001	0.071	0.077	0.851
0.124	0.801	0.074	0.001
0.806	0.001	0.107	0.086
0.678	0.001	0.001	0.320
0.084	0.075	0.041	0.800
0.001	0.026	0.880	0.093
0.612	0.298	0.089	0.001
0.834	0.018	0.080	0.068
>	ARCH73_KAN1__AT2G20110	6.87693205952494
0.216	0.065	0.613	0.106
0.534	0.110	0.168	0.188
0.759	0.023	0.134	0.084
0.011	0.001	0.016	0.972
0.391	0.035	0.032	0.543
0.030	0.198	0.051	0.721
>	ARCH74_AGL63__AGL25	12.7883723782878
0.112	0.014	0.062	0.812
0.150	0.055	0.182	0.613
0.028	0.854	0.017	0.102
0.025	0.771	0.001	0.204
0.526	0.188	0.100	0.186
0.500	0.034	0.058	0.407
0.569	0.001	0.001	0.429
0.505	0.006	0.005	0.484
0.478	0.061	0.042	0.420
0.229	0.106	0.117	0.549
0.263	0.001	0.632	0.104
0.026	0.004	0.940	0.030
>	ARCH75_At5g58900__At1g74840	13.1749472513858
0.185	0.522	0.058	0.234
0.520	0.230	0.087	0.163
0.005	0.001	0.001	0.994
0.064	0.040	0.001	0.895
0.922	0.001	0.032	0.046
0.077	0.028	0.021	0.874
0.085	0.902	0.001	0.012
0.181	0.533	0.028	0.257
0.602	0.096	0.067	0.235
0.648	0.094	0.068	0.189
0.592	0.069	0.040	0.299
>	ARCH76_CES-1__PB0171.1_Sox18_2	8.46656144019545
0.738	0.065	0.022	0.175
0.936	0.011	0.027	0.026
0.997	0.001	0.001	0.001
0.001	0.051	0.001	0.947
0.009	0.119	0.021	0.850
0.069	0.675	0.179	0.076
>	ARCH77_Foxa3/Foxa1/Foxa2_Fo...	8.03144006169592
0.114	0.114	0.659	0.114
0.149	0.647	0.102	0.102
0.671	0.125	0.078	0.125
0.366	0.179	0.184	0.271
0.484	0.152	0.123	0.242
0.498	0.073	0.087	0.342
0.107	0.094	0.147	0.652
0.205	0.392	0.103	0.301
0.622	0.137	0.082	0.158
>SWGATTCAATCA	ARCH78_DUX	16.3961640973455
0.061	0.489	0.303	0.147
0.424	0.001	0.104	0.471
0.001	0.001	0.997	0.001
0.997	0.001	0.001	0.001
0.001	0.001	0.001	0.997
0.001	0.013	0.001	0.985
0.044	0.569	0.168	0.219
0.997	0.001	0.001	0.001
0.997	0.001	0.001	0.001
0.001	0.001	0.001	0.997
0.001	0.899	0.014	0.086
0.792	0.014	0.001	0.193
>SBMGRNTTRA	ARCH79_ZCRB1	10.0753579755638
0.141	0.263	0.567	0.029
0.039	0.267	0.269	0.425
0.445	0.484	0.044	0.027
0.013	0.063	0.869	0.055
0.552	0.076	0.313	0.059
0.455	0.294	0.041	0.210
0.214	0.046	0.048	0.692
0.224	0.045	0.038	0.693
0.650	0.045	0.266	0.039
0.805	0.071	0.083	0.041
>	ARCH80_SRSF2__br-Z2	8.34209360318536
0.001	0.997	0.001	0.001
0.001	0.001	0.001	0.997
0.997	0.001	0.001	0.001
0.001	0.070	0.499	0.430
0.001	0.001	0.001	0.997
0.682	0.230	0.001	0.087
>	ARCH81_ct__PB0194.1_Zbtb12_2	11.3751764445945
0.132	0.435	0.026	0.408
0.001	0.979	0.001	0.020
0.001	0.036	0.001	0.962
0.861	0.085	0.001	0.053
0.001	0.001	0.028	0.971
0.001	0.001	0.036	0.962
0.029	0.030	0.917	0.024
0.964	0.035	0.001	0.001
>	ARCH82_Alx3/Alx4/Alx1_Barx2...	7.76786399710672
0.050	0.071	0.021	0.858
0.833	0.016	0.062	0.088
0.916	0.014	0.048	0.022
0.002	0.635	0.026	0.337
0.088	0.057	0.773	0.082
0.636	0.133	0.065	0.165
>	ARCH83_Alx3/Alx4/Alx1_Gbx1/...	8.96495009236376
0.081	0.035	0.036	0.848
0.976	0.002	0.000	0.022
0.980	0.003	0.011	0.005
0.004	0.532	0.016	0.448
0.494	0.024	0.379	0.103
0.960	0.009	0.010	0.021
0.039	0.066	0.705	0.190
>	ARCH84_Alx3/Alx4/Alx1_Barx2...	7.49058394067816
0.101	0.064	0.021	0.815
0.772	0.015	0.044	0.169
0.915	0.010	0.045	0.030
0.006	0.547	0.004	0.443
0.089	0.058	0.759	0.095
0.672	0.092	0.130	0.106
>	ARCH85_Alx3/Alx4/Alx1_Barx2...	7.52501235999797
0.040	0.103	0.068	0.789
0.682	0.048	0.101	0.170
0.855	0.032	0.071	0.042
0.000	0.592	0.001	0.407
0.046	0.000	0.925	0.029
0.658	0.117	0.044	0.182
>	ARCH86_Alx3/Alx4/Alx1_Barx2...	8.76007658145308
0.047	0.012	0.002	0.938
0.942	0.001	0.018	0.040
0.968	0.001	0.028	0.003
0.000	0.763	0.002	0.235
0.042	0.026	0.869	0.063
0.851	0.069	0.035	0.044
>	ARCH87_Alx3/Alx4/Alx1_Barx2...	7.69728361143945
0.025	0.019	0.007	0.949
0.877	0.008	0.030	0.085
0.878	0.016	0.081	0.025
0.003	0.583	0.010	0.405
0.109	0.058	0.731	0.102
0.618	0.181	0.053	0.148
>YTAAKKG	ARCH88_Isl1	9.10406113073259
0.017	0.569	0.057	0.357
0.003	0.001	0.001	0.995
0.945	0.001	0.053	0.001
0.997	0.001	0.001	0.001
0.001	0.001	0.352	0.646
0.013	0.001	0.432	0.554
0.101	0.016	0.882	0.001
>GTCCTAATTC	ARCH89_TLX2	14.7496317103806
0.001	0.058	0.940	0.001
0.082	0.062	0.061	0.795
0.067	0.840	0.045	0.048
0.039	0.898	0.001	0.062
0.030	0.001	0.001	0.968
0.997	0.001	0.001	0.001
0.997	0.001	0.001	0.001
0.065	0.001	0.001	0.933
0.001	0.084	0.001	0.914
0.047	0.782	0.067	0.104
>KTAATYNGATTA	ARCH90_Pax5/Pax8/Pax2	16.009011199761
0.157	0.069	0.497	0.277
0.028	0.003	0.018	0.951
0.984	0.006	0.006	0.004
0.996	0.001	0.002	0.001
0.055	0.012	0.004	0.929
0.051	0.633	0.059	0.257
0.242	0.053	0.382	0.323
0.172	0.099	0.713	0.016
0.967	0.006	0.015	0.012
0.001	0.002	0.004	0.993
0.008	0.012	0.006	0.974
0.983	0.003	0.004	0.010
>	ARCH91_Alx3/Alx4/Alx1_Barx2...	13.0672278294708
0.073	0.061	0.016	0.849
0.785	0.013	0.157	0.046
0.989	0.003	0.008	0.000
0.012	0.153	0.031	0.804
0.068	0.190	0.224	0.518
0.257	0.326	0.231	0.186
0.225	0.290	0.439	0.046
0.746	0.033	0.182	0.039
0.002	0.008	0.005	0.984
0.079	0.097	0.010	0.813
0.840	0.014	0.056	0.090
>GAGTTGATTA	ARCH92_onecut	13.3069194419437
0.065	0.044	0.833	0.058
0.773	0.086	0.064	0.077
0.054	0.073	0.816	0.057
0.054	0.091	0.056	0.799
0.068	0.054	0.085	0.793
0.099	0.047	0.789	0.065
0.731	0.127	0.067	0.075
0.052	0.045	0.076	0.827
0.053	0.068	0.053	0.826
0.816	0.070	0.092	0.022
>	ARCH93_AW822073//Duxf3/Duxb...	15.3796719245943
0.129	0.117	0.036	0.718
0.776	0.002	0.220	0.002
0.994	0.001	0.002	0.002
0.079	0.393	0.050	0.479
0.004	0.496	0.148	0.352
0.005	0.323	0.072	0.600
0.949	0.037	0.009	0.004
0.991	0.005	0.002	0.002
0.001	0.000	0.002	0.997
0.000	0.977	0.001	0.022
0.934	0.005	0.021	0.040
0.540	0.113	0.227	0.120
>TAANYYAATCA	ARCH94_DUX4	14.2054304027617
0.233	0.049	0.055	0.663
0.997	0.001	0.001	0.001
0.997	0.001	0.001	0.001
0.202	0.410	0.091	0.298
0.001	0.474	0.208	0.318
0.001	0.433	0.001	0.565
0.997	0.001	0.001	0.001
0.997	0.001	0.001	0.001
0.001	0.001	0.001	0.997
0.001	0.910	0.001	0.088
0.863	0.001	0.001	0.135
>RGATTA	ARCH95_GSC	8.52062001309982
0.261	0.031	0.614	0.094
0.119	0.016	0.835	0.030
0.908	0.046	0.033	0.013
0.002	0.001	0.001	0.996
0.055	0.001	0.001	0.943
0.942	0.005	0.008	0.045
>GRYSAATMANAG	ARCH96_HAP4	13.2547142251431
0.207	0.221	0.571	0.001
0.451	0.110	0.333	0.106
0.001	0.668	0.001	0.330
0.001	0.672	0.326	0.001
0.997	0.001	0.001	0.001
0.668	0.001	0.110	0.221
0.001	0.230	0.001	0.768
0.427	0.452	0.001	0.120
0.778	0.220	0.001	0.001
0.442	0.230	0.111	0.217
0.783	0.001	0.110	0.106
0.128	0.001	0.870	0.001
>	ARCH97_Alx3/Alx4/Alx1_Barx2...	8.74035316910728
0.037	0.037	0.017	0.909
0.805	0.020	0.059	0.115
0.911	0.009	0.058	0.023
0.000	0.368	0.006	0.625
0.043	0.024	0.884	0.050
0.748	0.082	0.075	0.095
0.024	0.431	0.180	0.365
>	ARCH98_Barx2/Barx1_Dlx4/Dlx...	9.40605242901661
0.267	0.082	0.100	0.552
0.012	0.061	0.003	0.924
0.898	0.003	0.092	0.007
0.992	0.006	0.001	0.002
0.001	0.050	0.000	0.949
0.056	0.061	0.662	0.220
0.741	0.011	0.220	0.027
>AACASATCATYA	ARCH99_HOXB4	15.7688784493753
0.747	0.089	0.089	0.075
0.765	0.001	0.088	0.146
0.088	0.910	0.001	0.001
0.757	0.154	0.001	0.088
0.001	0.601	0.397	0.001
0.859	0.001	0.001	0.139
0.001	0.001	0.172	0.826
0.237	0.665	0.001	0.097
0.997	0.001	0.001	0.001
0.001	0.164	0.001	0.834
0.001	0.253	0.088	0.658
0.910	0.088	0.001	0.001
>TMATSATTR	ARCH100_PHV	11.9832865608413
0.001	0.206	0.001	0.792
0.746	0.252	0.001	0.001
0.997	0.001	0.001	0.001
0.001	0.001	0.001	0.997
0.051	0.473	0.422	0.054
0.997	0.001	0.001	0.001
0.001	0.001	0.001	0.997
0.001	0.001	0.219	0.779
0.595	0.001	0.277	0.127
>TTAACCATRG	ARCH101_AT3G25990	13.1397923575771
0.026	0.109	0.050	0.815
0.099	0.037	0.009	0.855
0.976	0.001	0.015	0.008
0.984	0.010	0.005	0.001
0.001	0.974	0.002	0.023
0.004	0.792	0.003	0.201
0.642	0.136	0.162	0.060
0.098	0.090	0.120	0.692
0.670	0.025	0.277	0.028
0.217	0.113	0.598	0.072
>TGTTCATTAAAC	ARCH102_Antp	16.5419522871318
0.047	0.021	0.018	0.914
0.047	0.072	0.747	0.134
0.025	0.082	0.032	0.861
0.025	0.036	0.040	0.899
0.047	0.805	0.059	0.089
0.851	0.025	0.018	0.106
0.055	0.041	0.110	0.794
0.069	0.053	0.055	0.823
0.770	0.113	0.074	0.043
0.878	0.036	0.032	0.054
0.869	0.039	0.044	0.048
0.035	0.808	0.050	0.107
>	ARCH103_Hnf1a/Hnf1b	16.7781561358929
0.106	0.037	0.770	0.087
0.027	0.069	0.060	0.843
0.110	0.078	0.042	0.770
0.960	0.008	0.023	0.009
0.896	0.058	0.009	0.037
0.164	0.025	0.006	0.806
0.225	0.283	0.340	0.153
0.854	0.004	0.027	0.115
0.038	0.010	0.075	0.877
0.010	0.029	0.006	0.956
0.739	0.043	0.114	0.104
0.832	0.071	0.065	0.032
0.056	0.591	0.030	0.323
>	ARCH104_Pax5/Pax8/Pax2	16.1997149805693
0.415	0.150	0.395	0.039
0.825	0.042	0.063	0.069
0.017	0.018	0.016	0.949
0.017	0.060	0.023	0.900
0.495	0.314	0.112	0.079
0.006	0.003	0.962	0.029
0.063	0.053	0.014	0.870
0.022	0.776	0.013	0.189
0.879	0.034	0.072	0.016
0.014	0.798	0.004	0.184
0.110	0.003	0.880	0.006
0.002	0.441	0.549	0.007
0.174	0.173	0.070	0.583
>	ARCH105_Barx2/Barx1_Emx1/Em...	9.19460459093403
0.015	0.029	0.029	0.926
0.901	0.020	0.073	0.005
0.975	0.000	0.025	0.000
0.000	0.149	0.000	0.851
0.000	0.036	0.679	0.284
0.727	0.011	0.240	0.022
0.074	0.322	0.089	0.515
>SSTAATTR	ARCH106_Alx3/Alx4/Alx1_Barx...	8.86911425012638
0.092	0.414	0.386	0.108
0.113	0.361	0.416	0.111
0.036	0.073	0.000	0.891
0.765	0.031	0.176	0.027
1.000	0.000	0.000	0.000
0.016	0.050	0.139	0.795
0.023	0.237	0.127	0.613
0.339	0.036	0.621	0.004
>	ARCH107_Alx3/Alx4/Alx1_Barx...	8.15034337401928
0.086	0.054	0.000	0.860
0.949	0.000	0.043	0.008
0.982	0.000	0.000	0.018
0.000	0.116	0.041	0.842
0.016	0.042	0.367	0.574
0.735	0.046	0.128	0.092
>	ARCH108_/Sox4/Sox11_Sox13/S...	22.9594255134953
0.441	0.337	0.055	0.167
0.999	0.000	0.001	0.000
0.001	0.000	0.001	0.998
0.000	0.997	0.003	0.000
0.998	0.001	0.001	0.000
0.749	0.000	0.001	0.249
0.082	0.066	0.074	0.777
0.000	0.016	0.189	0.795
0.067	0.033	0.715	0.186
0.001	0.753	0.050	0.196
0.810	0.033	0.064	0.093
0.017	0.066	0.786	0.131
0.001	0.017	0.218	0.765
0.033	0.028	0.939	0.000
0.998	0.000	0.000	0.001
0.013	0.017	0.036	0.934
0.136	0.122	0.194	0.547
>AATCACTGTC	ARCH109_PB0195.1_Zbtb3_2	14.6414741579249
0.986	0.012	0.001	0.001
0.711	0.030	0.022	0.237
0.001	0.040	0.022	0.937
0.033	0.784	0.001	0.182
0.946	0.001	0.028	0.025
0.049	0.928	0.001	0.022
0.001	0.036	0.001	0.962
0.026	0.001	0.972	0.001
0.022	0.001	0.028	0.949
0.166	0.819	0.001	0.014
>ATTANNNAYGSWYSR	ARCH110_Pax5/Pax8/Pax2	14.8173487517887
0.735	0.099	0.139	0.026
0.000	0.167	0.029	0.804
0.128	0.140	0.055	0.677
0.698	0.107	0.069	0.126
0.196	0.375	0.161	0.268
0.125	0.161	0.214	0.500
0.231	0.442	0.058	0.269
0.771	0.132	0.056	0.042
0.118	0.569	0.005	0.308
0.188	0.027	0.745	0.040
0.055	0.610	0.291	0.044
0.375	0.116	0.116	0.393
0.063	0.333	0.027	0.577
0.036	0.261	0.568	0.135
0.702	0.000	0.281	0.018
>ATGAATTKCAGTCAT	ARCH111_/Sox4/Sox11_Sox13/S...	22.5280265331842
0.999	0.000	0.000	0.001
0.000	0.001	0.000	0.999
0.004	0.000	0.996	0.000
1.000	0.000	0.000	0.000
0.997	0.000	0.002	0.000
0.000	0.001	0.000	0.999
0.000	0.000	0.205	0.794
0.115	0.056	0.490	0.339
0.000	0.807	0.000	0.193
0.998	0.001	0.001	0.000
0.000	0.000	0.983	0.017
0.001	0.000	0.000	0.999
0.000	0.999	0.000	0.001
0.999	0.000	0.001	0.000
0.004	0.001	0.002	0.994
>ACTTCATTAC	ARCH112_Hoxa10	13.3376843518306
0.813	0.022	0.115	0.050
0.054	0.783	0.083	0.080
0.064	0.051	0.096	0.789
0.061	0.048	0.103	0.788
0.068	0.798	0.069	0.065
0.817	0.037	0.064	0.082
0.068	0.056	0.051	0.825
0.072	0.058	0.059	0.811
0.848	0.098	0.021	0.033
0.066	0.733	0.119	0.082
>AATCRATTA	ARCH113_Pax5/Pax8/Pax2	12.4071596114476
0.908	0.019	0.065	0.008
1.000	0.000	0.000	0.000
0.004	0.067	0.003	0.925
0.000	0.881	0.071	0.048
0.551	0.049	0.400	0.000
0.932	0.001	0.064	0.003
0.000	0.001	0.000	0.999
0.004	0.070	0.024	0.903
0.536	0.114	0.107	0.243
>	ARCH114_Alx3/Alx4/Alx1_Barx...	11.9223483205435
0.107	0.007	0.005	0.881
0.945	0.000	0.054	0.000
0.994	0.002	0.001	0.002
0.000	0.291	0.001	0.708
0.054	0.090	0.561	0.295
0.402	0.029	0.500	0.068
0.067	0.066	0.080	0.788
0.214	0.002	0.001	0.784
0.377	0.001	0.002	0.620
0.337	0.104	0.097	0.463
>ATYRAT	ARCH115_CUX1	8.34446211919061
0.970	0.015	0.014	0.001
0.001	0.040	0.012	0.947
0.039	0.654	0.001	0.306
0.271	0.001	0.675	0.053
0.977	0.001	0.021	0.001
0.001	0.111	0.012	0.876
>TAAYNNCRTTA	ARCH116_Alx3/Alx4/Alx1_Barx...	13.4841670484883
0.063	0.034	0.000	0.903
0.982	0.000	0.005	0.014
0.994	0.000	0.002	0.004
0.065	0.338	0.002	0.596
0.193	0.337	0.243	0.227
0.241	0.025	0.341	0.392
0.090	0.774	0.063	0.073
0.428	0.000	0.572	0.000
0.003	0.000	0.000	0.997
0.000	0.000	0.000	1.000
0.954	0.000	0.000	0.046
>TSTMATHM	ARCH117_Alx3/Alx4/Alx1_Barx...	10.1092488115486
0.000	0.000	0.000	1.000
0.000	0.333	0.667	0.000
0.000	0.000	0.000	1.000
0.333	0.667	0.000	0.000
1.000	0.000	0.000	0.000
0.000	0.000	0.000	1.000
0.333	0.333	0.000	0.333
0.667	0.333	0.000	0.000
>TGATTGGHYR	ARCH118_NFYC	11.8227604803577
0.032	0.063	0.053	0.852
0.085	0.111	0.752	0.052
0.818	0.043	0.025	0.114
0.043	0.018	0.004	0.935
0.013	0.001	0.001	0.985
0.001	0.096	0.826	0.077
0.025	0.017	0.957	0.001
0.274	0.301	0.064	0.360
0.065	0.298	0.136	0.501
0.401	0.121	0.410	0.069
>CTGYCAVTCA	ARCH119_Pknox1	13.4026120857004
0.107	0.572	0.163	0.158
0.023	0.137	0.001	0.839
0.001	0.001	0.997	0.001
0.001	0.321	0.001	0.677
0.001	0.997	0.001	0.001
0.927	0.071	0.001	0.001
0.405	0.335	0.260	0.001
0.001	0.001	0.001	0.997
0.001	0.997	0.001	0.001
0.922	0.013	0.001	0.064
>CTGATTGGYTASY	ARCH120_Nfya	16.9483214986372
0.000	0.631	0.129	0.240
0.000	0.000	0.000	1.000
0.000	0.000	1.000	0.000
1.000	0.000	0.000	0.000
0.000	0.000	0.000	1.000
0.000	0.000	0.000	1.000
0.000	0.000	1.000	0.000
0.000	0.000	1.000	0.000
0.000	0.496	0.000	0.504
0.120	0.129	0.000	0.751
0.839	0.000	0.161	0.000
0.240	0.375	0.385	0.000
0.240	0.256	0.000	0.504
>	ARCH121_Nfya_Pbx4/Pbx2/Pbx1	13.7198387052607
0.113	0.391	0.077	0.420
0.070	0.167	0.234	0.530
0.064	0.478	0.178	0.279
0.029	0.234	0.042	0.695
0.031	0.243	0.611	0.114
0.973	0.003	0.015	0.009
0.001	0.022	0.036	0.941
0.000	0.000	0.003	0.997
0.005	0.002	0.987	0.006
0.127	0.000	0.869	0.004
0.123	0.499	0.018	0.360
0.090	0.288	0.131	0.491
>	ARCH122_Pbx4/Pbx2/Pbx1	12.2072025700841
0.326	0.028	0.000	0.646
0.059	0.031	0.028	0.882
0.062	0.000	0.812	0.125
0.910	0.028	0.000	0.062
0.090	0.000	0.000	0.910
0.062	0.000	0.059	0.878
0.125	0.062	0.781	0.031
0.694	0.031	0.153	0.122
0.094	0.028	0.059	0.819
>	ARCH123_/Duxbl1/_/Duxbl1//A...	7.47520029109922
0.149	0.048	0.035	0.767
0.142	0.037	0.762	0.060
0.919	0.012	0.017	0.052
0.049	0.044	0.106	0.802
0.104	0.064	0.130	0.702
0.321	0.051	0.525	0.103
>TGATTG	ARCH124_Alx3/Alx4/Alx1_Gbx1...	9.38808516957879
0.000	0.000	0.000	0.999
0.000	0.000	0.999	0.000
0.999	0.000	0.000	0.000
0.000	0.000	0.000	0.999
0.000	0.000	0.000	0.999
0.131	0.000	0.869	0.000
>	ARCH125_Pbx4/Pbx2/Pbx1	15.2637150155661
0.040	0.147	0.350	0.464
0.437	0.101	0.373	0.089
0.538	0.209	0.203	0.051
0.519	0.165	0.057	0.259
0.057	0.051	0.323	0.570
0.057	0.051	0.000	0.892
0.051	0.000	0.816	0.133
0.791	0.000	0.158	0.051
0.000	0.165	0.000	0.835
0.108	0.000	0.000	0.892
0.000	0.000	0.785	0.215
0.709	0.032	0.108	0.152
0.272	0.114	0.000	0.614
0.165	0.000	0.437	0.399
>TTGATTGATK	ARCH126_Pbx4/Pbx2/Pbx1	14.5395741104751
0.100	0.025	0.025	0.850
0.025	0.025	0.050	0.900
0.000	0.000	1.000	0.000
1.000	0.000	0.000	0.000
0.000	0.000	0.000	1.000
0.000	0.000	0.075	0.925
0.000	0.000	1.000	0.000
0.975	0.000	0.025	0.000
0.000	0.075	0.025	0.900
0.128	0.103	0.513	0.256
>CCAATCAAAACM	ARCH127_Dux	14.7543890508991
0.090	0.619	0.111	0.180
0.106	0.801	0.049	0.044
0.847	0.048	0.044	0.061
0.703	0.100	0.089	0.108
0.001	0.018	0.013	0.968
0.063	0.816	0.072	0.049
0.847	0.070	0.082	0.001
0.720	0.049	0.106	0.125
0.818	0.059	0.001	0.122
0.614	0.053	0.105	0.228
0.078	0.603	0.143	0.176
0.279	0.538	0.004	0.179
>CAATTCACTT	ARCH128_PB0068.1_Sox1_1	14.6870874347456
0.001	0.884	0.114	0.001
0.997	0.001	0.001	0.001
0.997	0.001	0.001	0.001
0.001	0.086	0.001	0.912
0.111	0.101	0.001	0.787
0.213	0.785	0.001	0.001
0.870	0.096	0.001	0.033
0.001	0.891	0.107	0.001
0.001	0.001	0.001	0.997
0.001	0.001	0.116	0.882
>SNATTCM	ARCH129_PB0178.1_Sox8_2	8.16625330935986
0.156	0.531	0.312	0.001
0.135	0.261	0.220	0.384
0.997	0.001	0.001	0.001
0.001	0.211	0.001	0.787
0.236	0.001	0.116	0.647
0.001	0.997	0.001	0.001
0.734	0.264	0.001	0.001
>ATGMATAWKC	ARCH130_Brn2	13.1002901436419
0.874	0.016	0.012	0.098
0.001	0.007	0.005	0.987
0.064	0.089	0.826	0.021
0.631	0.333	0.001	0.035
0.888	0.003	0.075	0.034
0.010	0.001	0.001	0.988
0.993	0.002	0.003	0.002
0.403	0.012	0.003	0.582
0.056	0.003	0.255	0.686
0.001	0.546	0.213	0.240
>TGAATRDNNATTCA	ARCH131_/Sox4/Sox11_Sox13/S...	17.6767731418539
0.000	0.000	0.026	0.974
0.000	0.000	1.000	0.000
0.972	0.028	0.000	0.000
0.968	0.032	0.000	0.000
0.000	0.032	0.000	0.968
0.372	0.000	0.428	0.200
0.351	0.103	0.276	0.269
0.223	0.336	0.132	0.309
0.240	0.293	0.012	0.456
0.939	0.000	0.061	0.000
0.000	0.000	0.021	0.979
0.000	0.000	0.000	1.000
0.000	1.000	0.000	0.000
0.956	0.025	0.018	0.000
>	ARCH132_/Sox4/Sox11_Sox13/S...	18.8965458279243
0.031	0.004	0.012	0.954
0.036	0.002	0.962	0.000
0.998	0.000	0.001	0.001
0.999	0.000	0.001	0.000
0.003	0.000	0.002	0.995
0.023	0.002	0.877	0.098
0.141	0.111	0.340	0.409
0.018	0.239	0.014	0.729
0.993	0.002	0.004	0.001
0.001	0.000	0.157	0.842
0.004	0.000	0.000	0.996
0.004	0.992	0.002	0.002
0.978	0.003	0.013	0.005
>ATGAATTKCAKTCAT	ARCH133_/Sox4/Sox11_Sox13/S...	21.2622216057293
0.963	0.000	0.018	0.018
0.005	0.000	0.000	0.995
0.054	0.000	0.946	0.000
0.995	0.000	0.000	0.005
0.986	0.000	0.014	0.000
0.000	0.005	0.000	0.995
0.019	0.000	0.243	0.738
0.163	0.077	0.344	0.416
0.000	0.752	0.000	0.248
1.000	0.000	0.000	0.000
0.000	0.000	0.538	0.462
0.000	0.000	0.000	1.000
0.000	1.000	0.000	0.000
0.991	0.000	0.000	0.009
0.061	0.009	0.009	0.921
>ATGAATKNYATTCATR	ARCH134_/Sox4/Sox11_Sox13/S...	21.608072712727
0.902	0.013	0.040	0.045
0.002	0.000	0.000	0.997
0.002	0.000	0.998	0.000
0.999	0.000	0.001	0.000
0.999	0.000	0.001	0.000
0.000	0.000	0.000	0.999
0.000	0.000	0.701	0.299
0.200	0.240	0.375	0.185
0.000	0.497	0.001	0.501
0.999	0.000	0.000	0.000
0.001	0.001	0.191	0.807
0.001	0.001	0.001	0.997
0.001	0.999	0.000	0.000
0.998	0.001	0.001	0.001
0.089	0.007	0.037	0.867
0.403	0.053	0.418	0.127
>	ARCH135_/Sox4/Sox11_Sox13/S...	21.4593289265934
0.926	0.012	0.016	0.046
0.012	0.003	0.000	0.984
0.052	0.000	0.948	0.000
0.998	0.001	0.000	0.001
0.960	0.022	0.019	0.000
0.001	0.000	0.000	0.999
0.343	0.013	0.068	0.577
0.183	0.326	0.165	0.325
0.012	0.934	0.008	0.046
1.000	0.000	0.000	0.000
0.001	0.001	0.137	0.862
0.003	0.000	0.000	0.997
0.000	0.989	0.000	0.011
0.989	0.000	0.008	0.003
0.057	0.012	0.023	0.908
>	ARCH136_/Sox4/Sox11_Sox13/S...	21.018618300554
0.595	0.123	0.176	0.106
0.019	0.005	0.007	0.970
0.008	0.000	0.992	0.000
1.000	0.000	0.000	0.000
0.937	0.061	0.000	0.001
0.000	0.001	0.000	0.998
0.018	0.001	0.953	0.029
0.152	0.144	0.249	0.455
0.137	0.155	0.005	0.703
0.998	0.001	0.001	0.001
0.000	0.002	0.103	0.894
0.001	0.000	0.000	0.999
0.001	0.995	0.001	0.003
0.986	0.004	0.002	0.007
0.146	0.156	0.168	0.530
>	ARCH137_/Sox4/Sox11_Sox13/S...	21.6028962117674
0.836	0.033	0.093	0.038
0.060	0.010	0.025	0.904
0.003	0.988	0.004	0.005
0.996	0.002	0.002	0.000
0.978	0.018	0.002	0.001
0.000	0.000	0.002	0.997
0.029	0.000	0.914	0.057
0.120	0.131	0.287	0.461
0.105	0.158	0.007	0.731
0.995	0.002	0.002	0.001
0.000	0.001	0.152	0.846
0.000	0.002	0.000	0.998
0.002	0.003	0.989	0.006
0.890	0.003	0.032	0.075
0.086	0.019	0.138	0.758
>TAYTKAYG	ARCH138_bin	10.6186694776014
0.001	0.227	0.001	0.771
0.966	0.001	0.018	0.015
0.001	0.668	0.001	0.330
0.002	0.001	0.053	0.944
0.020	0.001	0.268	0.711
0.997	0.001	0.001	0.001
0.001	0.619	0.001	0.379
0.227	0.001	0.771	0.001
>TTCATTGTTCTA	ARCH139_PB0062.1_Sox12_1	15.1209287553971
0.094	0.088	0.069	0.749
0.093	0.064	0.077	0.766
0.124	0.678	0.094	0.104
0.751	0.073	0.062	0.114
0.067	0.069	0.066	0.798
0.066	0.049	0.063	0.822
0.080	0.073	0.771	0.076
0.082	0.068	0.066	0.784
0.081	0.091	0.067	0.761
0.090	0.695	0.094	0.121
0.125	0.079	0.087	0.709
0.717	0.094	0.075	0.114
>	ARCH140_/Sox4/Sox11_Sox13/S...	22.7728679653543
0.898	0.010	0.086	0.005
0.003	0.000	0.000	0.997
0.001	0.000	0.998	0.000
0.999	0.000	0.001	0.000
0.998	0.000	0.001	0.000
0.000	0.000	0.001	0.999
0.000	0.001	0.077	0.923
0.118	0.074	0.489	0.319
0.000	0.926	0.001	0.073
0.999	0.000	0.001	0.000
0.001	0.000	0.949	0.050
0.000	0.001	0.001	0.998
0.000	0.999	0.001	0.000
1.000	0.000	0.000	0.000
0.016	0.000	0.002	0.981
>ATCAATWNCATTGAT	ARCH141_/Sox4/Sox11_Sox13/S...	21.8122013708353
0.854	0.040	0.089	0.017
0.026	0.000	0.000	0.974
0.000	1.000	0.000	0.000
1.000	0.000	0.000	0.000
1.000	0.000	0.000	0.000
0.000	0.000	0.000	1.000
