>	ARCH1_Alx3/Alx4/Alx1_Arid2_...	12.7040540179695
0.174	0.136	0.178	0.512
0.057	0.057	0.058	0.829
0.833	0.024	0.056	0.087
0.970	0.000	0.000	0.030
0.030	0.000	0.000	0.970
0.000	0.000	0.000	1.000
1.000	0.000	0.000	0.000
0.846	0.028	0.091	0.035
0.451	0.110	0.106	0.332
0.453	0.104	0.101	0.342
>	ARCH2_Arid2_Arid3c/Arid3a/A...	13.116861127865
0.615	0.028	0.049	0.308
0.989	0.003	0.008	0.001
0.505	0.008	0.004	0.484
0.077	0.299	0.089	0.535
0.179	0.564	0.074	0.183
0.569	0.033	0.381	0.017
0.968	0.002	0.011	0.019
0.009	0.001	0.001	0.990
0.010	0.010	0.003	0.977
0.884	0.016	0.045	0.055
0.472	0.308	0.106	0.114
>	ARCH3_Alx3/Alx4/Alx1_Barx2/...	15.3555296409579
0.077	0.025	0.011	0.887
0.933	0.005	0.030	0.032
0.991	0.002	0.005	0.002
0.027	0.049	0.014	0.910
0.018	0.171	0.039	0.772
0.463	0.166	0.161	0.211
0.699	0.033	0.257	0.011
0.934	0.012	0.040	0.014
0.003	0.007	0.003	0.986
0.061	0.038	0.008	0.893
0.933	0.008	0.017	0.042
>AANWTWAATG	ARCH4_Alx3/Alx4/Alx1_Barx2/...	12.2635660889422
0.750	0.167	0.083	0.000
0.750	0.000	0.083	0.167
0.167	0.167	0.250	0.417
0.333	0.000	0.000	0.667
0.167	0.000	0.000	0.833
0.417	0.000	0.000	0.583
1.000	0.000	0.000	0.000
0.667	0.000	0.083	0.250
0.000	0.000	0.000	1.000
0.000	0.083	0.833	0.083
>	ARCH5_Pax5/Pax8/Pax2	13.4995881050578
0.201	0.053	0.067	0.678
0.902	0.036	0.049	0.012
0.938	0.028	0.019	0.015
0.013	0.089	0.015	0.883
0.011	0.650	0.026	0.313
0.359	0.025	0.606	0.010
0.896	0.018	0.079	0.007
0.018	0.021	0.025	0.936
0.014	0.041	0.036	0.910
0.753	0.057	0.057	0.134
>ATAATTAW	ARCH6_M00889_2.00	10.0225597454435
0.765	0.078	0.078	0.078
0.147	0.051	0.051	0.752
0.625	0.121	0.227	0.026
0.903	0.096	0.000	0.000
0.094	0.000	0.096	0.809
0.095	0.000	0.000	0.904
0.905	0.094	0.000	0.000
0.348	0.052	0.153	0.447
>YAWTWAATG	ARCH7_HDG1	11.922242253201
0.020	0.416	0.001	0.563
0.968	0.030	0.001	0.001
0.595	0.001	0.001	0.403
0.001	0.001	0.001	0.997
0.333	0.001	0.001	0.665
0.997	0.001	0.001	0.001
0.977	0.001	0.001	0.021
0.001	0.001	0.001	0.997
0.202	0.001	0.576	0.221
>AATYRA	ARCH8_AT1G20910	7.61051171569948
0.785	0.001	0.213	0.001
0.997	0.001	0.001	0.001
0.001	0.001	0.001	0.997
0.001	0.386	0.001	0.612
0.459	0.001	0.500	0.040
0.764	0.001	0.234	0.001
>ATNAATWATTNA	ARCH9_POU4F1	14.5357312928994
0.833	0.049	0.046	0.072
0.019	0.009	0.016	0.956
0.199	0.166	0.357	0.278
0.901	0.051	0.021	0.027
0.848	0.056	0.018	0.078
0.102	0.052	0.069	0.777
0.564	0.040	0.049	0.347
0.862	0.001	0.012	0.125
0.069	0.010	0.022	0.899
0.053	0.020	0.085	0.842
0.292	0.336	0.161	0.212
0.945	0.023	0.007	0.025
>TTAATTTATTCA	ARCH10_gsb	16.5466377313248
0.052	0.139	0.172	0.637
0.062	0.048	0.031	0.859
0.758	0.061	0.059	0.122
0.811	0.080	0.020	0.089
0.044	0.022	0.042	0.892
0.074	0.016	0.020	0.890
0.079	0.022	0.083	0.816
0.928	0.001	0.001	0.070
0.034	0.039	0.039	0.888
0.018	0.022	0.131	0.829
0.041	0.823	0.001	0.135
0.875	0.030	0.055	0.040
>ACTAATTAATAG	ARCH11_ZHD1	16.5399279164384
0.997	0.001	0.001	0.001
0.081	0.817	0.001	0.101
0.001	0.001	0.100	0.898
0.809	0.001	0.189	0.001
0.811	0.001	0.001	0.187
0.001	0.100	0.001	0.898
0.101	0.001	0.106	0.792
0.796	0.001	0.001	0.202
0.796	0.202	0.001	0.001
0.001	0.001	0.105	0.893
0.789	0.001	0.101	0.109
0.110	0.089	0.700	0.101
>ATTAAT	ARCH12_Arid2_Arid3c/Arid3a/...	8.21863957586597
0.835	0.016	0.024	0.125
0.041	0.009	0.012	0.938
0.046	0.216	0.014	0.723
0.714	0.016	0.216	0.054
0.945	0.006	0.008	0.040
0.120	0.020	0.026	0.834
>	ARCH13_Alx3/Alx4/Alx1_Barx2...	13.6396419950721
0.076	0.060	0.021	0.842
0.838	0.021	0.073	0.068
0.982	0.004	0.005	0.009
0.005	0.010	0.011	0.974
0.039	0.033	0.104	0.823
0.613	0.105	0.166	0.116
0.520	0.111	0.278	0.091
0.482	0.097	0.074	0.347
0.073	0.061	0.056	0.810
0.111	0.340	0.037	0.512
0.913	0.021	0.010	0.055
>	ARCH14_Alx3/Alx4/Alx1_Barx2...	15.5234394525705
0.076	0.008	0.017	0.899
0.962	0.004	0.027	0.008
0.931	0.001	0.033	0.035
0.004	0.026	0.002	0.969
0.034	0.010	0.024	0.932
0.602	0.093	0.085	0.221
0.851	0.014	0.120	0.015
0.633	0.009	0.020	0.337
0.001	0.035	0.034	0.930
0.141	0.051	0.000	0.808
0.934	0.008	0.010	0.048
>TAATYNRATTA	ARCH15_Alx3/Alx4/Alx1_Emx1/...	14.4219728194951
0.030	0.008	0.000	0.962
0.925	0.000	0.075	0.000
1.000	0.000	0.000	0.000
0.006	0.057	0.001	0.935
0.009	0.305	0.116	0.569
0.310	0.187	0.193	0.310
0.565	0.115	0.308	0.011
0.946	0.000	0.050	0.003
0.000	0.000	0.000	1.000
0.000	0.078	0.000	0.922
0.965	0.000	0.003	0.032
>	ARCH16_Alx3/Alx4/Alx1_Barx2...	10.637780730014
0.114	0.165	0.162	0.559
0.044	0.158	0.266	0.532
0.203	0.134	0.078	0.585
0.075	0.000	0.013	0.912
0.785	0.003	0.045	0.167
0.990	0.003	0.003	0.003
0.003	0.063	0.024	0.910
0.003	0.052	0.427	0.518
0.661	0.006	0.219	0.114
>AATATTW	ARCH17_Arid5b/Arid5a	10.2385442393259
0.929	0.024	0.024	0.024
1.000	0.000	0.000	0.000
0.000	0.000	0.000	1.000
1.000	0.000	0.000	0.000
0.000	0.000	0.000	1.000
0.000	0.097	0.000	0.902
0.542	0.051	0.150	0.257
>GHWACAATGTWDCNA	ARCH18_Dmrt2_Dmrtc2	17.5892683114569
0.093	0.038	0.808	0.061
0.342	0.288	0.009	0.361
0.349	0.086	0.039	0.526
0.980	0.004	0.009	0.007
0.011	0.955	0.010	0.023
0.857	0.008	0.010	0.124
0.934	0.027	0.039	0.000
0.137	0.022	0.012	0.830
0.041	0.012	0.933	0.013
0.004	0.004	0.002	0.990
0.618	0.035	0.066	0.280
0.357	0.012	0.261	0.371
0.064	0.826	0.028	0.082
0.479	0.155	0.201	0.165
0.530	0.117	0.128	0.224
>	ARCH19_Dmrt2_Dmrtc2	15.4473893226425
0.061	0.044	0.848	0.047
0.398	0.337	0.050	0.215
0.332	0.114	0.077	0.477
0.922	0.020	0.026	0.032
0.052	0.891	0.030	0.027
0.846	0.021	0.012	0.121
0.749	0.249	0.002	0.000
0.297	0.016	0.029	0.658
0.012	0.023	0.959	0.006
0.037	0.018	0.036	0.909
0.542	0.035	0.117	0.306
0.242	0.034	0.417	0.307
0.043	0.891	0.025	0.041
>AYMAYAATATTTK	ARCH20_Foxj3_Foxk2/Foxk1	15.6979317874134
0.600	0.200	0.200	0.000
0.167	0.333	0.000	0.500
0.500	0.500	0.000	0.000
0.833	0.000	0.000	0.167
0.000	0.333	0.000	0.667
1.000	0.000	0.000	0.000
1.000	0.000	0.000	0.000
0.000	0.167	0.000	0.833
0.833	0.000	0.167	0.000
0.000	0.167	0.167	0.667
0.000	0.167	0.000	0.833
0.000	0.000	0.167	0.833
0.167	0.000	0.333	0.500
>TATATWAT	ARCH21_Foxa3/Foxa1/Foxa2_Fo...	9.41615614858472
0.051	0.051	0.051	0.846
0.830	0.025	0.025	0.121
0.000	0.098	0.097	0.805
0.806	0.000	0.096	0.098
0.096	0.095	0.000	0.808
0.480	0.000	0.000	0.519
0.554	0.149	0.053	0.243
0.223	0.125	0.125	0.526
>WWNARTAAATAK	ARCH22_Foxc2/Foxc1_Foxd2/Fo...	14.9869629577442
0.444	0.222	0.000	0.333
0.636	0.091	0.000	0.273
0.455	0.182	0.182	0.182
0.667	0.083	0.167	0.083
0.667	0.000	0.333	0.000
0.000	0.000	0.000	1.000
1.000	0.000	0.000	0.000
1.000	0.000	0.000	0.000
1.000	0.000	0.000	0.000
0.000	0.200	0.000	0.800
1.000	0.000	0.000	0.000
0.067	0.067	0.267	0.600
>WGATNNNATC	ARCH23_Gata3/Gata1/Gata2	12.0492507714098
0.660	0.047	0.000	0.292
0.000	0.000	1.000	0.000
1.000	0.000	0.000	0.000
0.000	0.000	0.000	1.000
0.368	0.170	0.255	0.208
0.292	0.160	0.217	0.330
0.179	0.255	0.142	0.425
1.000	0.000	0.000	0.000
0.000	0.000	0.000	1.000
0.000	1.000	0.000	0.000
>TATTATA	ARCH24_Nr2c1/Nr2c2_Nr2f1/Nr...	8.8576768608053
0.048	0.048	0.143	0.761
0.622	0.134	0.025	0.219
0.094	0.000	0.101	0.805
0.000	0.000	0.000	0.999
0.900	0.000	0.099	0.000
0.120	0.125	0.024	0.731
0.538	0.052	0.165	0.245
>WNYAGATCTR	ARCH25_GATA1	11.5418991151668
0.344	0.141	0.077	0.438
0.144	0.312	0.119	0.426
0.019	0.422	0.075	0.483
0.755	0.007	0.233	0.005
0.012	0.001	0.985	0.002
0.997	0.001	0.001	0.001
0.001	0.001	0.001	0.997
0.004	0.984	0.004	0.008
0.010	0.210	0.024	0.756
0.438	0.092	0.362	0.108
>AANATTCYTW	ARCH26_AT2G40260	12.618495886368
0.835	0.034	0.016	0.115
0.958	0.001	0.001	0.040
0.135	0.372	0.123	0.369
0.989	0.001	0.009	0.001
0.001	0.001	0.001	0.997
0.001	0.001	0.001	0.997
0.001	0.997	0.001	0.001
0.002	0.301	0.025	0.672
0.228	0.200	0.054	0.518
0.253	0.129	0.063	0.555
>	ARCH27_LHY__At3g09600__At5g...	13.5017800209969
0.529	0.094	0.139	0.239
0.764	0.010	0.043	0.183
0.903	0.032	0.063	0.002
0.856	0.031	0.112	0.001
0.047	0.001	0.019	0.933
0.995	0.003	0.001	0.001
0.001	0.001	0.001	0.997
0.001	0.997	0.001	0.001
0.108	0.074	0.031	0.787
0.244	0.134	0.116	0.506
>CATATAATATTC	ARCH28_PHL1	18.0208849599361
0.001	0.997	0.001	0.001
0.997	0.001	0.001	0.001
0.048	0.001	0.001	0.950
0.915	0.083	0.001	0.001
0.001	0.083	0.083	0.833
0.863	0.083	0.001	0.053
0.939	0.001	0.001	0.059
0.001	0.001	0.001	0.997
0.915	0.083	0.001	0.001
0.001	0.083	0.001	0.915
0.083	0.001	0.001	0.915
0.083	0.833	0.001	0.083
>RGAATAW	ARCH29_KANADI1	9.26517195180756
0.397	0.208	0.394	0.001
0.001	0.001	0.997	0.001
0.957	0.041	0.001	0.001
0.997	0.001	0.001	0.001
0.001	0.001	0.001	0.997
0.997	0.001	0.001	0.001
0.485	0.001	0.001	0.513
>AWACYATATANTAWA	ARCH30_AT1G04880	18.9735015781879
0.765	0.039	0.036	0.160
0.557	0.016	0.066	0.361
0.997	0.001	0.001	0.001
0.052	0.682	0.130	0.136
0.007	0.364	0.001	0.628
0.857	0.001	0.003	0.139
0.001	0.001	0.001	0.997
0.981	0.001	0.017	0.001
0.001	0.068	0.125	0.806
0.623	0.029	0.107	0.241
0.346	0.087	0.213	0.354
0.001	0.001	0.001	0.997
0.997	0.001	0.001	0.001
0.255	0.001	0.010	0.734
0.739	0.033	0.139	0.089
>YAAAVRKAWTAA	ARCH31_PHO2	14.7774436690081
0.001	0.394	0.093	0.512
0.780	0.001	0.001	0.218
0.863	0.135	0.001	0.001
0.899	0.001	0.099	0.001
0.392	0.349	0.258	0.001
0.531	0.073	0.264	0.132
0.001	0.129	0.341	0.529
0.885	0.001	0.001	0.113
0.253	0.001	0.001	0.745
0.001	0.001	0.001	0.997
0.997	0.001	0.001	0.001
0.997	0.001	0.001	0.001
>GATAAGNNNCTTATC	ARCH32_Gata3/Gata1/Gata2	20.0302446222946
0.000	0.000	0.996	0.004
0.998	0.000	0.001	0.001
0.000	0.001	0.000	0.999
0.999	0.000	0.000	0.001
0.997	0.001	0.001	0.001
0.012	0.011	0.964	0.013
0.175	0.137	0.365	0.323
0.267	0.223	0.230	0.279
0.322	0.364	0.131	0.184
0.010	0.966	0.015	0.008
0.000	0.000	0.000	1.000
0.001	0.000	0.001	0.998
0.999	0.000	0.000	0.001
0.001	0.002	0.000	0.998
0.006	0.992	0.001	0.002
>GATAACNNNGTTATC	ARCH33_Gata3/Gata1/Gata2	20.1758763583927
0.001	0.002	0.990	0.007
0.999	0.000	0.000	0.001
0.000	0.000	0.001	0.999
0.999	0.000	0.001	0.000
0.997	0.000	0.002	0.000
0.011	0.951	0.017	0.022
0.273	0.137	0.411	0.178
0.243	0.267	0.264	0.226
0.172	0.409	0.151	0.268
0.030	0.019	0.939	0.011
0.001	0.001	0.000	0.997
0.001	0.000	0.000	0.999
1.000	0.000	0.000	0.000
0.000	0.000	0.001	0.999
0.002	0.996	0.001	0.001
>GATAAKNNNMTTATC	ARCH34_Gata3/Gata1/Gata2	18.1807315446345
0.067	0.063	0.818	0.052
0.934	0.021	0.024	0.021
0.004	0.043	0.004	0.950
0.966	0.016	0.013	0.005
0.913	0.060	0.026	0.002
0.043	0.133	0.272	0.552
0.275	0.099	0.463	0.163
0.257	0.245	0.251	0.247
0.187	0.487	0.103	0.223
0.556	0.253	0.144	0.047
0.015	0.012	0.071	0.902
0.014	0.016	0.020	0.950
0.935	0.011	0.051	0.004
0.028	0.021	0.017	0.934
0.051	0.832	0.051	0.065
>	ARCH35_Gata3/Gata1/Gata2	15.6447804936849
0.492	0.159	0.014	0.335
0.008	0.009	0.975	0.008
0.979	0.005	0.005	0.011
0.002	0.006	0.003	0.988
0.858	0.009	0.004	0.129
0.813	0.029	0.106	0.052
0.096	0.562	0.226	0.116
0.245	0.073	0.668	0.014
0.888	0.037	0.034	0.040
0.048	0.044	0.037	0.870
0.069	0.842	0.049	0.040
0.277	0.043	0.098	0.582
>	ARCH36_Arid5b/Arid5a	12.1210908937521
0.000	0.222	0.222	0.556
0.000	0.178	0.311	0.511
0.289	0.067	0.378	0.267
0.200	0.067	0.689	0.044
0.000	0.000	0.022	0.978
0.867	0.022	0.111	0.000
0.000	0.089	0.000	0.911
0.000	0.044	0.044	0.911
0.133	0.222	0.578	0.067
0.133	0.067	0.222	0.578
0.233	0.122	0.500	0.144
>	ARCH37_Cebpd/Cebpe/Cebpa/Cebpb	12.2129214863178
0.433	0.143	0.384	0.040
0.011	0.013	0.010	0.966
0.008	0.009	0.161	0.822
0.475	0.007	0.454	0.064
0.022	0.821	0.032	0.126
0.122	0.037	0.816	0.025
0.083	0.847	0.010	0.060
0.927	0.064	0.006	0.003
0.979	0.006	0.008	0.008
0.032	0.406	0.115	0.447
>	ARCH38_Atf4/Atf5	14.2783804205768
0.001	0.001	0.004	0.995
0.012	0.004	0.978	0.005
0.984	0.001	0.001	0.015
0.002	0.239	0.006	0.753
0.001	0.000	0.996	0.002
0.048	0.861	0.008	0.083
0.985	0.012	0.001	0.002
0.991	0.006	0.001	0.003
0.010	0.214	0.065	0.710
0.285	0.524	0.098	0.093
>KNYTGGGAAYACY	ARCH39_M10303_2.00	15.4024031097879
0.120	0.000	0.280	0.600
0.320	0.320	0.200	0.160
0.000	0.520	0.120	0.360
0.240	0.200	0.000	0.560
0.200	0.000	0.800	0.000
0.000	0.000	1.000	0.000
0.000	0.000	1.000	0.000
1.000	0.000	0.000	0.000
1.000	0.000	0.000	0.000
0.000	0.280	0.000	0.720
0.640	0.000	0.200	0.160
0.040	0.720	0.000	0.240
0.040	0.680	0.000	0.280
>ACCATTATTACA	ARCH40_gt	16.4140078709224
0.915	0.042	0.001	0.042
0.001	0.874	0.083	0.042
0.161	0.752	0.042	0.045
0.748	0.084	0.084	0.084
0.032	0.001	0.084	0.883
0.043	0.042	0.001	0.914
0.840	0.001	0.084	0.075
0.041	0.001	0.001	0.957
0.211	0.084	0.085	0.620
0.787	0.084	0.042	0.087
0.045	0.743	0.084	0.128
0.881	0.001	0.043	0.075
>CACRNWTYYCRAGR	ARCH41_PLT1	15.2640984896753
0.058	0.743	0.012	0.187
0.520	0.117	0.199	0.164
0.001	0.918	0.023	0.058
0.270	0.047	0.578	0.105
0.426	0.141	0.176	0.257
0.422	0.087	0.082	0.410
0.152	0.094	0.035	0.719
0.164	0.461	0.001	0.374
0.058	0.543	0.012	0.387
0.001	0.997	0.001	0.001
0.292	0.001	0.672	0.035
0.997	0.001	0.001	0.001
0.070	0.023	0.778	0.129
0.339	0.001	0.659	0.001
>GACGGAAATA	ARCH42_YRM1	13.7203535186842
0.001	0.008	0.879	0.112
0.549	0.207	0.243	0.001
0.001	0.899	0.001	0.099
0.185	0.001	0.813	0.001
0.001	0.001	0.819	0.179
0.884	0.001	0.001	0.114
0.997	0.001	0.001	0.001
0.742	0.141	0.001	0.116
0.001	0.001	0.001	0.997
0.787	0.105	0.107	0.001
>ATTCTMGGGATG	ARCH43_Stat5b	15.834246035118
0.861	0.029	0.060	0.050
0.001	0.001	0.079	0.919
0.001	0.029	0.053	0.917
0.143	0.632	0.001	0.224
0.134	0.001	0.059	0.806
0.330	0.573	0.059	0.038
0.029	0.118	0.729	0.124
0.030	0.030	0.827	0.113
0.247	0.001	0.751	0.001
0.997	0.001	0.001	0.001
0.001	0.029	0.059	0.911
0.109	0.077	0.666	0.148
>GGATCCAAAT	ARCH44_GATA4	14.3020805000727
0.001	0.001	0.859	0.139
0.001	0.046	0.952	0.001
0.995	0.003	0.001	0.001
0.001	0.011	0.001	0.987
0.001	0.997	0.001	0.001
0.019	0.847	0.047	0.087
0.749	0.004	0.140	0.107
0.625	0.242	0.016	0.117
0.997	0.001	0.001	0.001
0.050	0.166	0.001	0.783
>	ARCH45_Tfap4	13.3960682681187
0.608	0.096	0.248	0.048
0.655	0.185	0.147	0.014
0.001	0.987	0.006	0.007
0.975	0.006	0.014	0.005
0.005	0.041	0.882	0.072
0.054	0.901	0.035	0.010
0.009	0.010	0.008	0.973
0.006	0.001	0.983	0.009
0.118	0.139	0.203	0.540
0.026	0.227	0.080	0.667
>	ARCH46_Ptf1a_Tfap4	15.5095336824867
0.669	0.136	0.096	0.100
0.516	0.293	0.106	0.084
0.000	0.986	0.013	0.001
0.979	0.005	0.000	0.016
0.000	0.057	0.844	0.099
0.114	0.771	0.115	0.000
0.000	0.000	0.000	1.000
0.009	0.001	0.990	0.000
0.897	0.001	0.033	0.069
0.004	0.792	0.014	0.189
0.425	0.007	0.526	0.042
0.086	0.508	0.164	0.242
>	ARCH47_Ptf1a	12.5872752677793
0.317	0.130	0.482	0.071
0.388	0.214	0.090	0.308
0.000	1.000	0.000	0.000
0.948	0.028	0.000	0.024
0.018	0.214	0.730	0.038
0.017	0.831	0.135	0.018
0.023	0.000	0.032	0.944
0.010	0.000	0.990	0.000
0.682	0.112	0.061	0.145
0.031	0.760	0.063	0.146
>	ARCH48_Srebf2/Srebf1	10.4513694365225
0.180	0.142	0.042	0.637
0.052	0.718	0.110	0.120
0.973	0.003	0.011	0.014
0.076	0.500	0.417	0.006
0.045	0.796	0.073	0.085
0.011	0.009	0.003	0.977
0.001	0.035	0.954	0.011
0.485	0.005	0.199	0.311
0.141	0.378	0.073	0.408
>SDCACGTGS	ARCH49_M08725_2.00	11.2202624109404
0.163	0.293	0.493	0.051
0.254	0.027	0.266	0.454
0.020	0.976	0.005	0.000
0.973	0.012	0.000	0.015
0.020	0.951	0.022	0.007
0.210	0.034	0.732	0.024
0.056	0.034	0.012	0.898
0.005	0.002	0.927	0.066
0.012	0.293	0.522	0.173
>RTGAYGYGT	ARCH50_Crem/Creb1/Atf1	11.058722683603
0.421	0.029	0.544	0.005
0.016	0.041	0.008	0.935
0.024	0.143	0.802	0.031
0.887	0.029	0.026	0.057
0.003	0.606	0.002	0.388
0.172	0.002	0.817	0.009
0.026	0.689	0.007	0.278
0.147	0.000	0.835	0.018
0.134	0.163	0.131	0.572
>GTCACGS	ARCH51_Pax7/Pax3	8.76198219379359
0.020	0.000	0.804	0.176
0.194	0.035	0.000	0.770
0.058	0.713	0.004	0.226
0.963	0.037	0.000	0.000
0.032	0.731	0.001	0.236
0.176	0.000	0.814	0.009
0.017	0.451	0.513	0.019
>	ARCH52_M03945_2.00__sv	11.8945974165719
0.612	0.005	0.223	0.160
0.208	0.154	0.070	0.567
0.010	0.127	0.788	0.074
0.015	0.951	0.016	0.018
0.258	0.070	0.628	0.044
0.034	0.034	0.014	0.918
0.230	0.086	0.652	0.032
0.698	0.093	0.128	0.081
0.143	0.758	0.020	0.079
0.098	0.204	0.550	0.148
>CACGTGAC	ARCH53_Usf3	11.7837804101732
0.000	1.000	0.000	0.000
1.000	0.000	0.000	0.000
0.000	1.000	0.000	0.000
0.000	0.000	1.000	0.000
0.000	0.000	0.000	1.000
0.000	0.000	1.000	0.000
0.573	0.164	0.175	0.087
0.039	0.772	0.036	0.154
>ANCAYGTGAY	ARCH54_Usf3	13.6097843272093
0.617	0.168	0.164	0.050
0.184	0.499	0.107	0.210
0.000	1.000	0.000	0.000
1.000	0.000	0.000	0.000
0.000	0.326	0.000	0.674
0.101	0.014	0.885	0.000
0.000	0.000	0.000	1.000
0.000	0.002	0.998	0.000
1.000	0.000	0.000	0.000
0.000	0.733	0.000	0.267
>	ARCH55_Usf3	14.7648682461965
0.214	0.152	0.506	0.129
0.185	0.055	0.755	0.005
0.022	0.108	0.047	0.822
0.000	0.999	0.000	0.000
0.998	0.001	0.001	0.001
0.000	0.928	0.010	0.062
0.172	0.014	0.813	0.002
0.005	0.003	0.001	0.992
0.000	0.000	0.999	0.001
0.398	0.150	0.393	0.060
0.052	0.477	0.250	0.221
0.086	0.483	0.351	0.080
>CACGTGNY	ARCH56_Mlx	10.8380986681456
0.000	1.000	0.000	0.000
1.000	0.000	0.000	0.000
0.000	1.000	0.000	0.000
0.000	0.000	1.000	0.000
0.000	0.000	0.000	1.000
0.000	0.000	1.000	0.000
0.410	0.332	0.138	0.120
0.104	0.467	0.060	0.369
>TCACRTG	ARCH57_Mlx	9.53185372405315
0.097	0.141	0.204	0.559
0.000	1.000	0.000	0.000
0.988	0.000	0.012	0.000
0.000	0.923	0.000	0.077
0.475	0.009	0.515	0.000
0.000	0.049	0.000	0.951
0.000	0.000	1.000	0.000
>	ARCH58_Srebf2/Srebf1	13.6787214623243
0.564	0.044	0.369	0.023
0.027	0.057	0.012	0.905
0.001	0.992	0.005	0.002
0.982	0.005	0.006	0.006
0.002	0.875	0.022	0.101
0.118	0.105	0.774	0.004
0.005	0.005	0.006	0.985
0.002	0.007	0.988	0.003
0.833	0.075	0.046	0.046
0.042	0.490	0.115	0.352
>TCACGTGAY	ARCH59_Cbf1	12.2960556593361
0.067	0.105	0.220	0.608
0.004	0.989	0.006	0.001
0.978	0.009	0.007	0.006
0.007	0.931	0.001	0.061
0.032	0.010	0.957	0.001
0.001	0.005	0.005	0.989
0.001	0.003	0.979	0.017
0.790	0.116	0.062	0.032
0.146	0.438	0.033	0.383
>	ARCH60_CRE__CREM	15.8582223829179
0.065	0.284	0.483	0.168
0.068	0.257	0.521	0.154
0.074	0.206	0.655	0.065
0.030	0.015	0.001	0.954
0.054	0.163	0.735	0.048
0.989	0.001	0.009	0.001
0.025	0.875	0.030	0.070
0.012	0.001	0.986	0.001
0.011	0.014	0.001	0.974
0.059	0.789	0.122	0.030
0.959	0.001	0.011	0.030
0.038	0.760	0.158	0.044
>	ARCH61_M02787_2.00__M04124_...	12.9344319182648
0.233	0.132	0.583	0.052
0.136	0.051	0.163	0.649
0.011	0.984	0.004	0.001
0.946	0.007	0.032	0.015
0.003	0.854	0.018	0.125
0.037	0.019	0.940	0.004
0.013	0.039	0.004	0.944
0.003	0.001	0.978	0.017
0.513	0.284	0.072	0.131
0.135	0.524	0.181	0.159
>	ARCH62_SPCH__CBF1	10.5695002237829
0.105	0.098	0.647	0.150
0.210	0.130	0.114	0.547
0.137	0.752	0.040	0.072
0.794	0.077	0.089	0.039
0.018	0.891	0.001	0.089
0.098	0.001	0.859	0.043
0.377	0.030	0.012	0.582
0.118	0.204	0.665	0.012
0.578	0.233	0.104	0.085
>	ARCH63_Mlx_Srebf2/Srebf1_Usf3	12.4223285730326
0.511	0.084	0.360	0.045
0.167	0.163	0.093	0.576
0.026	0.921	0.039	0.014
0.902	0.002	0.094	0.003
0.001	0.902	0.036	0.061
0.073	0.034	0.893	0.000
0.000	0.118	0.007	0.874
0.005	0.055	0.925	0.015
0.656	0.112	0.133	0.099
0.076	0.400	0.093	0.431
>TCATGTGAGC	ARCH64_USF2	14.8535502180663
0.108	0.001	0.001	0.890
0.113	0.885	0.001	0.001
0.997	0.001	0.001	0.001
0.099	0.001	0.001	0.899
0.001	0.104	0.894	0.001
0.120	0.001	0.001	0.878
0.001	0.106	0.892	0.001
0.997	0.001	0.001	0.001
0.001	0.054	0.885	0.060
0.001	0.885	0.001	0.113
>	ARCH65_Twist2/Twist1	12.2500248377341
0.531	0.087	0.296	0.087
0.360	0.497	0.112	0.031
0.034	0.930	0.027	0.009
0.916	0.001	0.064	0.019
0.003	0.113	0.053	0.831
0.839	0.055	0.105	0.001
0.014	0.060	0.004	0.922
0.009	0.020	0.930	0.041
0.034	0.124	0.580	0.263
0.092	0.327	0.082	0.498
>MACACRTGTT	ARCH66_Twist2/Twist1	12.7875537072366
0.569	0.254	0.124	0.053
0.749	0.127	0.080	0.043
0.038	0.957	0.004	0.000
0.970	0.000	0.026	0.004
0.006	0.693	0.124	0.176
0.647	0.000	0.344	0.009
0.000	0.009	0.000	0.991
0.000	0.000	1.000	0.000
0.018	0.116	0.183	0.683
0.086	0.208	0.159	0.548
>	ARCH67_Twist2/Twist1	12.0600678364077
0.133	0.533	0.200	0.133
0.689	0.117	0.126	0.067
0.798	0.143	0.002	0.057
0.149	0.835	0.000	0.015
0.987	0.000	0.013	0.000
0.103	0.270	0.105	0.522
0.589	0.118	0.293	0.000
0.000	0.073	0.144	0.782
0.000	0.044	0.956	0.000
0.059	0.592	0.199	0.150
>	ARCH68_Olig2__NeuroG2	11.3895133224114
0.181	0.667	0.133	0.019
0.118	0.879	0.002	0.001
0.867	0.002	0.049	0.083
0.007	0.005	0.266	0.723
0.237	0.706	0.032	0.025
0.005	0.009	0.007	0.978
0.012	0.001	0.986	0.001
0.014	0.218	0.210	0.557
0.086	0.297	0.088	0.529
>MACATCTGG	ARCH69_ZBTB18	12.7445428504154
0.620	0.322	0.046	0.012
0.813	0.001	0.185	0.001
0.001	0.968	0.030	0.001
0.933	0.065	0.001	0.001
0.001	0.001	0.234	0.764
0.001	0.968	0.030	0.001
0.001	0.001	0.001	0.997
0.001	0.001	0.997	0.001
0.014	0.099	0.743	0.144
>MNACMCRACG	ARCH70_Twist2/Twist1	10.1896199005179
0.408	0.510	0.082	0.000
0.214	0.359	0.298	0.130
0.547	0.116	0.209	0.128
0.000	0.855	0.055	0.091
0.610	0.286	0.039	0.065
0.029	0.691	0.074	0.206
0.282	0.115	0.603	0.000
0.547	0.186	0.047	0.221
0.000	0.770	0.000	0.230
0.049	0.180	0.770	0.000
>	ARCH71_Creb3l2/Creb3l1_Xbp1	16.8060926122585
0.063	0.223	0.091	0.622
0.032	0.004	0.936	0.028
0.132	0.860	0.007	0.001
0.014	0.968	0.009	0.009
0.992	0.000	0.002	0.005
0.002	0.992	0.001	0.005
0.111	0.003	0.885	0.000
0.030	0.203	0.002	0.765
0.199	0.123	0.658	0.020
0.047	0.091	0.254	0.608
0.575	0.127	0.213	0.084
0.053	0.839	0.045	0.062
0.503	0.161	0.214	0.122
>	ARCH72_Creb3l2/Creb3l1	16.6269415815999
0.042	0.262	0.036	0.660
0.013	0.007	0.974	0.006
0.053	0.922	0.016	0.010
0.012	0.980	0.003	0.004
0.988	0.009	0.002	0.000
0.004	0.986	0.001	0.010
0.094	0.007	0.899	0.000
0.043	0.248	0.008	0.701
0.183	0.079	0.680	0.057
0.046	0.105	0.254	0.594
0.488	0.124	0.277	0.111
0.096	0.746	0.059	0.100
0.514	0.124	0.272	0.091
>ACRYGNNNNAYRYGT	ARCH73_Irx6	12.9681445190497
0.569	0.096	0.130	0.205
0.059	0.642	0.113	0.185
0.334	0.045	0.562	0.059
0.041	0.542	0.007	0.410
0.044	0.143	0.699	0.114
0.293	0.201	0.062	0.444
0.393	0.180	0.121	0.305
0.269	0.273	0.235	0.223
0.382	0.189	0.084	0.345
0.649	0.104	0.120	0.127
0.017	0.662	0.030	0.291
0.366	0.009	0.537	0.088
0.123	0.533	0.020	0.324
0.182	0.067	0.669	0.081
0.125	0.188	0.042	0.646
>ATAGCTGTGTAT	ARCH74_SM	17.8225033680956
0.857	0.071	0.001	0.071
0.070	0.001	0.001	0.928
0.854	0.001	0.074	0.071
0.001	0.103	0.825	0.071
0.071	0.896	0.032	0.001
0.001	0.070	0.001	0.928
0.001	0.001	0.997	0.001
0.001	0.070	0.001	0.928
0.071	0.071	0.857	0.001
0.001	0.070	0.001	0.928
0.928	0.001	0.001	0.070
0.001	0.001	0.001	0.997
>AWTTTACGA	ARCH75_ARF16	12.5838506150814
0.515	0.001	0.244	0.240
0.261	0.001	0.106	0.632
0.001	0.001	0.001	0.997
0.001	0.001	0.001	0.997
0.001	0.001	0.001	0.997
0.906	0.001	0.092	0.001
0.001	0.997	0.001	0.001
0.001	0.001	0.997	0.001
0.733	0.001	0.092	0.174
>YRCACGTGYR	ARCH76_BZR1	12.6244270161326
0.080	0.538	0.113	0.269
0.410	0.106	0.474	0.009
0.001	0.976	0.001	0.022
0.966	0.001	0.018	0.015
0.001	0.997	0.001	0.001
0.005	0.001	0.993	0.001
0.009	0.018	0.001	0.972
0.028	0.001	0.965	0.006
0.021	0.509	0.127	0.343
0.280	0.107	0.510	0.103
>	ARCH77_MNT__bHLH18	12.8448966330654
0.196	0.077	0.536	0.191
0.555	0.110	0.240	0.095
0.159	0.262	0.075	0.504
0.829	0.097	0.049	0.026
0.037	0.893	0.059	0.011
0.933	0.008	0.034	0.025
0.013	0.823	0.015	0.151
0.026	0.013	0.961	0.001
0.031	0.047	0.001	0.921
0.050	0.044	0.860	0.047
>CACGTG	ARCH78_At4g18890	9.33750564369902
0.003	0.978	0.001	0.018
0.963	0.001	0.018	0.018
0.001	0.992	0.001	0.006
0.026	0.003	0.970	0.001
0.015	0.022	0.001	0.962
0.030	0.004	0.959	0.007
>CACGCAA	ARCH79_Arnt:Ahr	9.25263993043886
0.014	0.970	0.003	0.013
0.927	0.028	0.001	0.044
0.033	0.826	0.051	0.090
0.029	0.017	0.951	0.003
0.123	0.765	0.067	0.045
0.681	0.148	0.046	0.125
0.526	0.219	0.143	0.112
>TTGCGTGCTG	ARCH80_NAC058	13.3034943687238
0.095	0.062	0.054	0.789
0.092	0.098	0.078	0.732
0.049	0.049	0.784	0.118
0.046	0.852	0.054	0.048
0.056	0.065	0.842	0.037
0.037	0.101	0.018	0.844
0.113	0.086	0.755	0.046
0.058	0.828	0.050	0.064
0.063	0.036	0.086	0.815
0.090	0.092	0.764	0.054
>TTGCGTGTCA	ARCH81_NAC080	11.8223466352767
0.103	0.114	0.104	0.679
0.114	0.121	0.090	0.675
0.113	0.114	0.680	0.093
0.105	0.709	0.093	0.093
0.102	0.100	0.695	0.103
0.095	0.091	0.095	0.719
0.101	0.116	0.688	0.095
0.115	0.103	0.091	0.691
0.088	0.743	0.085	0.084
0.723	0.085	0.102	0.090
>YRCRACAAGYYC	ARCH82_ARF4	14.6171672824881
0.104	0.394	0.001	0.501
0.334	0.001	0.664	0.001
0.001	0.812	0.098	0.089
0.505	0.001	0.493	0.001
0.900	0.098	0.001	0.001
0.001	0.898	0.003	0.098
0.995	0.001	0.001	0.003
0.802	0.196	0.001	0.001
0.098	0.001	0.900	0.001
0.001	0.731	0.001	0.267
0.075	0.376	0.099	0.449
0.001	0.771	0.003	0.225
>CCAGATGT	ARCH83_Twist2/Twist1	11.5508541775635
0.146	0.730	0.094	0.030
0.012	0.976	0.006	0.007
0.978	0.004	0.008	0.009
0.013	0.050	0.890	0.047
0.904	0.058	0.030	0.008
0.010	0.015	0.009	0.966
0.013	0.013	0.956	0.019
0.057	0.099	0.139	0.705
>CATTTTTTCCTCCTAGGCCT	ARCH84_M08859_2.00	30.0396789204133
0.002	0.983	0.000	0.015
0.956	0.006	0.030	0.008
0.000	0.100	0.004	0.896
0.000	0.000	0.000	1.000
0.021	0.157	0.008	0.814
0.047	0.008	0.006	0.939
0.028	0.008	0.119	0.845
0.008	0.231	0.013	0.748
0.011	0.968	0.000	0.021
0.006	0.987	0.000	0.006
0.004	0.008	0.000	0.987
0.000	0.979	0.002	0.019
0.000	0.960	0.000	0.040
0.006	0.034	0.004	0.956
0.850	0.017	0.119	0.015
0.093	0.006	0.888	0.013
0.087	0.011	0.877	0.025
0.006	0.970	0.008	0.015
0.002	0.985	0.000	0.013
0.002	0.019	0.000	0.979
>TWGMYTCGTTT	ARCH85_PH0044.1_Homez	13.9041215089136
0.025	0.179	0.147	0.649
0.479	0.012	0.146	0.363
0.013	0.025	0.883	0.079
0.289	0.698	0.012	0.001
0.001	0.696	0.024	0.279
0.060	0.012	0.049	0.879
0.024	0.915	0.037	0.024
0.049	0.024	0.854	0.073
0.145	0.236	0.060	0.559
0.012	0.012	0.049	0.927
0.024	0.056	0.013	0.907
>ACTTTTAGACCA	ARCH86_KHDRBS1	16.5889720742743
0.780	0.074	0.032	0.114
0.058	0.843	0.037	0.062
0.037	0.048	0.032	0.883
0.039	0.047	0.055	0.859
0.050	0.069	0.006	0.875
0.081	0.032	0.039	0.848
0.874	0.050	0.023	0.053
0.118	0.037	0.803	0.042
0.811	0.042	0.076	0.071
0.077	0.751	0.119	0.053
0.091	0.809	0.058	0.042
0.890	0.047	0.042	0.021
>RTAGGYNY	ARCH87_SRS7	9.73541636986811
0.495	0.229	0.275	0.001
0.001	0.001	0.001	0.997
0.997	0.001	0.001	0.001
0.001	0.001	0.997	0.001
0.001	0.001	0.997	0.001
0.001	0.292	0.137	0.570
0.232	0.189	0.164	0.415
0.082	0.287	0.001	0.630
>WAAAG	ARCH88_Adof1	6.66456865956641
0.402	0.055	0.092	0.451
0.953	0.001	0.013	0.033
0.946	0.012	0.013	0.029
0.893	0.026	0.037	0.044
0.070	0.016	0.894	0.020
>AAACATCTAG	ARCH89_PL0012.1_hlh-2::hlh-8	13.3207054045656
0.761	0.077	0.133	0.029
0.776	0.047	0.080	0.097
0.787	0.068	0.065	0.080
0.042	0.838	0.061	0.059
0.757	0.109	0.066	0.068
0.080	0.096	0.035	0.789
0.084	0.837	0.043	0.036
0.043	0.081	0.078	0.798
0.810	0.104	0.044	0.042
0.035	0.030	0.854	0.081
>CAACCTTTTGTC	ARCH90_Pp_0206	18.2005532950096
0.001	0.997	0.001	0.001
0.753	0.001	0.123	0.123
0.997	0.001	0.001	0.001
0.001	0.997	0.001	0.001
0.001	0.820	0.056	0.123
0.001	0.001	0.001	0.997
0.001	0.001	0.001	0.997
0.001	0.001	0.001	0.997
0.001	0.123	0.001	0.875
0.104	0.001	0.894	0.001
0.001	0.001	0.001	0.997
0.001	0.930	0.068	0.001
>	ARCH91_Twist2/Twist1	18.3808805635275
0.263	0.054	0.041	0.642
0.693	0.034	0.175	0.098
0.876	0.064	0.037	0.023
0.066	0.076	0.057	0.800
0.119	0.187	0.290	0.403
0.486	0.103	0.350	0.060
0.490	0.121	0.279	0.109
0.545	0.075	0.097	0.283
0.555	0.088	0.073	0.284
0.276	0.569	0.134	0.021
0.019	0.976	0.005	0.000
0.991	0.001	0.003	0.005
0.014	0.089	0.691	0.206
0.692	0.221	0.073	0.014
0.030	0.040	0.017	0.913
0.025	0.030	0.883	0.062
>SCACGTGGC	ARCH92_Max/Ppp5c	11.4142847539956
0.192	0.300	0.486	0.022
0.020	0.972	0.008	0.000
0.976	0.008	0.006	0.010
0.012	0.828	0.042	0.118
0.038	0.000	0.954	0.008
0.062	0.220	0.004	0.714
0.002	0.004	0.976	0.018
0.126	0.214	0.610	0.050
0.220	0.512	0.142	0.126
>	ARCH93_Ptf1a	18.6319802452547
0.152	0.446	0.362	0.040
0.045	0.922	0.013	0.020
0.900	0.014	0.009	0.076
0.010	0.064	0.651	0.276
0.157	0.733	0.084	0.025
0.025	0.011	0.002	0.963
0.005	0.009	0.947	0.039
0.011	0.394	0.252	0.343
0.070	0.321	0.119	0.490
0.116	0.261	0.162	0.461
0.070	0.543	0.171	0.216
0.089	0.538	0.123	0.251
0.089	0.185	0.155	0.571
0.036	0.257	0.097	0.609
0.051	0.406	0.057	0.486
0.054	0.681	0.088	0.176
0.182	0.605	0.045	0.168
0.232	0.512	0.119	0.137
>WGCAARYGCGCTCYA	ARCH94_/E2f4_E2f6_E2f8/E2f7	19.3874468052338
0.275	0.099	0.079	0.547
0.040	0.020	0.897	0.043
0.087	0.815	0.014	0.084
0.973	0.005	0.015	0.007
0.912	0.001	0.020	0.067
0.420	0.112	0.356	0.112
0.015	0.528	0.030	0.427
0.114	0.015	0.796	0.075
0.001	0.919	0.001	0.079
0.001	0.001	0.997	0.001
0.001	0.997	0.001	0.001
0.001	0.131	0.010	0.858
0.001	0.988	0.002	0.009
0.005	0.564	0.017	0.414
0.767	0.012	0.191	0.030
>	ARCH95_bHLH80__ZSCAN4	13.4985004567821
0.140	0.216	0.111	0.534
0.213	0.082	0.119	0.585
0.120	0.092	0.672	0.115
0.001	0.930	0.040	0.029
0.682	0.316	0.002	0.001
0.499	0.001	0.436	0.064
0.001	0.620	0.253	0.126
0.001	0.001	0.252	0.746
0.063	0.001	0.147	0.788
0.001	0.001	0.997	0.001
0.162	0.180	0.073	0.586
0.506	0.123	0.145	0.226
>	ARCH96_Ptf1a__NHLH2__BHLHE2...	17.3578079517973
0.006	0.001	0.001	0.992
0.927	0.039	0.033	0.001
0.008	0.747	0.001	0.245
0.285	0.099	0.608	0.008
0.006	0.877	0.102	0.014
0.997	0.001	0.001	0.001
0.001	0.061	0.929	0.009
0.008	0.929	0.062	0.001
0.001	0.024	0.037	0.939
0.139	0.087	0.767	0.007
0.016	0.573	0.151	0.259
0.062	0.116	0.619	0.203
0.109	0.145	0.117	0.629
>GCASTTSSCTGG	ARCH97_SD0002.1_at_AC_acceptor	15.5256294705205
0.001	0.001	0.997	0.001
0.169	0.661	0.001	0.169
0.825	0.001	0.001	0.173
0.001	0.588	0.382	0.029
0.001	0.168	0.001	0.830
0.001	0.001	0.001	0.997
0.001	0.451	0.547	0.001
0.001	0.576	0.422	0.001
0.130	0.760	0.001	0.109
0.001	0.076	0.001	0.922
0.169	0.080	0.750	0.001
0.001	0.001	0.997	0.001
>CASMTGWCA	ARCH98_Ptf1a	11.3915388617052
0.000	1.000	0.000	0.000
1.000	0.000	0.000	0.000
0.000	0.652	0.348	0.000
0.261	0.609	0.130	0.000
0.000	0.000	0.000	1.000
0.000	0.000	1.000	0.000
0.348	0.130	0.087	0.435
0.000	0.739	0.130	0.130
0.609	0.174	0.174	0.043
>	ARCH99_Meis3/Meis2/Meis1_Pk...	16.8122837571321
0.053	0.099	0.028	0.820
0.015	0.038	0.934	0.013
0.843	0.014	0.046	0.097
0.011	0.962	0.009	0.017
0.926	0.005	0.061	0.007
0.017	0.307	0.551	0.125
0.146	0.670	0.165	0.019
0.007	0.052	0.004	0.936
0.018	0.008	0.964	0.010
0.090	0.044	0.014	0.853
0.011	0.941	0.033	0.015
0.822	0.026	0.100	0.052
>TGACAGBNNNNHTGTCA	ARCH100_Meis3/Meis2/Meis1_P...	18.2454458460541
0.016	0.023	0.009	0.951
0.005	0.003	0.991	0.001
0.896	0.003	0.027	0.074
0.007	0.985	0.003	0.005
0.878	0.005	0.095	0.022
0.126	0.075	0.667	0.132
0.191	0.285	0.258	0.266
0.205	0.176	0.162	0.458
0.193	0.280	0.369	0.158
0.413	0.133	0.256	0.198
0.327	0.229	0.260	0.184
0.274	0.285	0.141	0.300
0.020	0.243	0.010	0.727
0.007	0.004	0.972	0.017
0.174	0.029	0.019	0.779
0.015	0.940	0.021	0.024
0.940	0.015	0.021	0.024
>	ARCH101_Meis3/Meis2/Meis1_P...	15.523681457486
0.067	0.044	0.035	0.854
0.025	0.015	0.897	0.063
0.761	0.147	0.008	0.084
0.005	0.993	0.002	0.000
0.997	0.000	0.000	0.002
0.031	0.090	0.828	0.050
0.065	0.580	0.183	0.172
0.003	0.010	0.000	0.987
0.010	0.009	0.779	0.203
0.022	0.015	0.214	0.750
0.117	0.569	0.135	0.178
0.455	0.340	0.109	0.097
>ACCTGTCA	ARCH102_unc-62	10.5837382550254
0.700	0.114	0.178	0.008
0.018	0.728	0.204	0.050
0.197	0.616	0.094	0.093
0.001	0.021	0.001	0.977
0.160	0.001	0.833	0.006
0.001	0.193	0.013	0.793
0.001	0.951	0.047	0.001
0.782	0.011	0.093	0.114
>MGNTRACAG	ARCH103_achi	11.008843876719
0.430	0.537	0.001	0.032
0.002	0.152	0.768	0.078
0.390	0.344	0.059	0.206
0.060	0.095	0.001	0.844
0.355	0.001	0.643	0.001
0.997	0.001	0.001	0.001
0.001	0.954	0.044	0.001
0.997	0.001	0.001	0.001
0.181	0.070	0.672	0.077
>TGWSWGMYGACA	ARCH104_TGIF1	14.3148237458153
0.020	0.101	0.020	0.859
0.102	0.054	0.603	0.241
0.665	0.001	0.001	0.333
0.218	0.317	0.464	0.001
0.582	0.145	0.001	0.272
0.172	0.001	0.826	0.001
0.296	0.680	0.023	0.001
0.023	0.256	0.001	0.720
0.149	0.177	0.673	0.001
0.952	0.001	0.001	0.046
0.001	0.691	0.173	0.135
0.922	0.076	0.001	0.001
>	ARCH105_Cebpd/Cebpe/Cebpa/C...	11.2154569582506
0.036	0.028	0.012	0.925
0.018	0.038	0.245	0.699
0.416	0.018	0.472	0.094
0.025	0.746	0.052	0.177
0.100	0.028	0.849	0.023
0.062	0.696	0.001	0.241
0.918	0.042	0.037	0.003
0.971	0.024	0.002	0.003
0.022	0.357	0.092	0.529
>RTTGCACCAC	ARCH106_CEBPD	15.3092842771676
0.729	0.001	0.269	0.001
0.001	0.001	0.001	0.997
0.001	0.001	0.001	0.997
0.001	0.001	0.997	0.001
0.001	0.997	0.001	0.001
0.997	0.001	0.001	0.001
0.001	0.997	0.001	0.001
0.192	0.806	0.001	0.001
0.997	0.001	0.001	0.001
0.001	0.997	0.001	0.001
>	ARCH107_Cic_Hbp1_Sox13/Sox5...	22.9426247459818
0.493	0.062	0.103	0.342
0.401	0.124	0.105	0.369
0.297	0.196	0.203	0.304
0.082	0.142	0.032	0.744
0.020	0.046	0.922	0.012
0.120	0.842	0.011	0.027
0.052	0.066	0.014	0.868
0.046	0.022	0.843	0.089
0.807	0.084	0.024	0.085
0.078	0.409	0.448	0.065
0.055	0.023	0.037	0.885
0.083	0.864	0.019	0.034
0.884	0.010	0.058	0.048
0.020	0.003	0.883	0.094
0.007	0.958	0.026	0.009
0.752	0.022	0.150	0.076
0.317	0.208	0.175	0.300
0.371	0.083	0.089	0.456
0.321	0.075	0.050	0.554
0.214	0.158	0.071	0.557
0.153	0.188	0.107	0.552
>	ARCH108_M04351_2.00__M04356...	13.0161666572143
0.145	0.107	0.715	0.032
0.003	0.002	0.001	0.994
0.062	0.932	0.001	0.006
0.986	0.000	0.011	0.003
0.003	0.001	0.917	0.079
0.000	0.996	0.001	0.002
0.783	0.005	0.156	0.055
0.288	0.231	0.196	0.285
0.429	0.042	0.068	0.461
0.390	0.039	0.020	0.551
0.244	0.159	0.045	0.552
>	ARCH109_M08807_2.00__M08817...	18.0050703718985
0.212	0.106	0.164	0.518
0.081	0.157	0.683	0.078
0.354	0.452	0.112	0.082
0.108	0.067	0.044	0.781
0.090	0.045	0.751	0.114
0.787	0.054	0.057	0.102
0.069	0.543	0.339	0.049
0.043	0.023	0.024	0.909
0.061	0.892	0.017	0.030
0.923	0.005	0.030	0.042
0.017	0.009	0.891	0.083
0.013	0.951	0.023	0.012
0.834	0.025	0.049	0.091
0.308	0.208	0.288	0.196
0.398	0.103	0.093	0.407
0.309	0.090	0.081	0.521
>	ARCH110_DIG1__MAFG	9.26388510908092
0.592	0.323	0.060	0.026
0.554	0.061	0.160	0.226
0.239	0.097	0.051	0.614
0.013	0.128	0.827	0.032
0.082	0.405	0.018	0.496
0.007	0.105	0.281	0.608
0.086	0.070	0.322	0.521
0.661	0.295	0.018	0.026
0.676	0.129	0.121	0.073
>GTCAGCA	ARCH111_M00126_2.00	10.6430428388303
0.047	0.047	0.860	0.047
0.020	0.020	0.020	0.939
0.020	0.939	0.020	0.020
0.919	0.000	0.000	0.080
0.000	0.000	0.999	0.000
0.000	0.999	0.000	0.000
0.938	0.021	0.021	0.021
>ACGTCAY	ARCH112_TGA2	9.26705421878833
0.575	0.079	0.144	0.202
0.002	0.882	0.001	0.115
0.089	0.001	0.909	0.001
0.001	0.001	0.001	0.997
0.023	0.975	0.001	0.001
0.975	0.001	0.023	0.001
0.033	0.365	0.156	0.446
>	ARCH113_M02858_2.00__M04346...	16.7225960339499
0.061	0.231	0.023	0.686
0.028	0.028	0.928	0.015
0.102	0.794	0.038	0.067
0.086	0.090	0.035	0.789
0.079	0.041	0.775	0.105
0.813	0.065	0.039	0.083
0.074	0.456	0.396	0.074
0.088	0.041	0.063	0.807
0.108	0.782	0.041	0.069
0.817	0.026	0.075	0.082
0.038	0.019	0.815	0.128
0.028	0.875	0.068	0.028
0.693	0.069	0.151	0.087
>	ARCH114_M04345_2.00__M04348...	15.2145070876542
0.085	0.253	0.027	0.635
0.060	0.014	0.908	0.017
0.095	0.739	0.014	0.152
0.376	0.203	0.072	0.350
0.238	0.121	0.367	0.274
0.309	0.282	0.076	0.333
0.152	0.086	0.717	0.045
0.006	0.005	0.004	0.985
0.061	0.920	0.003	0.015
0.947	0.002	0.041	0.010
0.013	0.004	0.893	0.089
0.002	0.995	0.002	0.000
0.738	0.010	0.193	0.058
>	ARCH115_M04372_2.00__M04374...	14.1248405282862
0.132	0.328	0.036	0.504
0.068	0.026	0.883	0.023
0.017	0.868	0.015	0.100
0.366	0.199	0.158	0.277
0.251	0.353	0.127	0.270
0.332	0.286	0.199	0.183
0.229	0.197	0.535	0.040
0.064	0.008	0.039	0.890
0.166	0.782	0.026	0.027
0.917	0.018	0.052	0.012
0.024	0.011	0.848	0.117
0.001	0.987	0.008	0.005
0.652	0.016	0.254	0.078
>TGCTGAGTCAT	ARCH116_Nrf2	16.6154859297111
0.047	0.040	0.020	0.893
0.001	0.003	0.987	0.009
0.013	0.975	0.006	0.006
0.013	0.013	0.010	0.964
0.006	0.006	0.962	0.026
0.951	0.010	0.006	0.033
0.009	0.087	0.888	0.016
0.003	0.001	0.003	0.993
0.025	0.973	0.001	0.001
0.988	0.003	0.003	0.006
0.012	0.231	0.033	0.724
>	ARCH117_M02871_2.00__M04347...	18.1672118947881
0.072	0.175	0.022	0.730
0.029	0.040	0.915	0.015
0.116	0.803	0.027	0.054
0.103	0.100	0.037	0.760
0.063	0.059	0.609	0.269
0.844	0.032	0.078	0.046
0.030	0.771	0.085	0.113
0.263	0.079	0.632	0.027
0.043	0.042	0.035	0.881
0.180	0.693	0.065	0.062
0.783	0.027	0.115	0.075
0.063	0.024	0.801	0.112
0.022	0.925	0.031	0.022
0.706	0.026	0.203	0.065
>	ARCH118_Atf3/Jdp2_Atf7/Gm28...	15.8300278409466
0.153	0.144	0.543	0.160
0.582	0.092	0.303	0.022
0.023	0.034	0.012	0.930
0.015	0.052	0.848	0.086
0.953	0.009	0.014	0.025
0.003	0.892	0.009	0.096
0.071	0.007	0.921	0.001
0.024	0.015	0.011	0.949
0.086	0.865	0.038	0.011
0.954	0.010	0.025	0.011
0.022	0.225	0.101	0.653
0.139	0.540	0.160	0.160
>ATGACKYM	ARCH119_Fos/Fosb/Fosl1/Fosl2	10.1370887424832
0.610	0.103	0.183	0.103
0.000	0.000	0.000	1.000
0.000	0.000	0.937	0.062
1.000	0.000	0.000	0.000
0.000	1.000	0.000	0.000
0.000	0.000	0.513	0.486
0.018	0.566	0.018	0.398
0.629	0.262	0.092	0.018
>	ARCH120_Crem/Creb1/Atf1	12.8997452258693
0.096	0.167	0.141	0.597
0.432	0.057	0.371	0.141
0.001	0.001	0.001	0.998
0.016	0.001	0.806	0.178
0.998	0.001	0.001	0.001
0.001	0.998	0.001	0.001
0.090	0.001	0.909	0.001
0.019	0.090	0.001	0.891
0.274	0.549	0.052	0.124
0.741	0.082	0.082	0.095
>	ARCH121_Crem/Creb1/Atf1	12.1941012868998
0.175	0.130	0.519	0.176
0.429	0.276	0.243	0.051
0.039	0.046	0.007	0.907
0.033	0.025	0.782	0.160
0.922	0.002	0.036	0.040
0.007	0.863	0.025	0.106
0.114	0.032	0.846	0.008
0.053	0.082	0.003	0.863
0.220	0.569	0.143	0.069
0.708	0.020	0.153	0.119
>RTGACGTCAT	ARCH122_Atf7/Gm28047/Creb5/...	15.0483191946644
0.712	0.016	0.269	0.003
0.001	0.003	0.000	0.997
0.001	0.002	0.875	0.122
0.994	0.004	0.001	0.001
0.000	0.995	0.000	0.004
0.003	0.002	0.994	0.001
0.001	0.003	0.000	0.996
0.083	0.915	0.000	0.001
0.997	0.002	0.000	0.001
0.002	0.160	0.016	0.822
>	ARCH123_Atf7/Gm28047/Creb5/...	12.4563267392693
0.507	0.132	0.323	0.039
0.014	0.034	0.006	0.946
0.009	0.018	0.824	0.150
0.900	0.011	0.037	0.052
0.033	0.528	0.136	0.303
0.133	0.110	0.730	0.028
0.051	0.042	0.019	0.887
0.191	0.773	0.023	0.013
0.920	0.009	0.051	0.021
0.041	0.276	0.146	0.537
>	ARCH124_Atf3/Jdp2	10.6707115682819
0.050	0.143	0.038	0.770
0.039	0.056	0.536	0.369
0.810	0.017	0.112	0.062
0.011	0.890	0.072	0.027
0.370	0.071	0.552	0.007
0.057	0.055	0.025	0.864
0.122	0.761	0.065	0.052
0.860	0.013	0.113	0.014
0.063	0.426	0.125	0.386
>	ARCH125_Atf4/Atf5	19.0444350837043
0.255	0.070	0.591	0.084
0.120	0.124	0.575	0.181
0.764	0.177	0.058	0.001
0.000	0.000	0.000	0.999
0.000	0.000	0.999	0.000
0.998	0.001	0.001	0.000
0.000	0.992	0.000	0.008
0.196	0.000	0.803	0.000
0.000	0.001	0.000	0.999
0.000	0.999	0.000	0.000
0.998	0.001	0.000	0.000
0.000	0.123	0.173	0.703
0.156	0.623	0.098	0.123
0.083	0.608	0.059	0.250
>KCCACGTCABC	ARCH126_bZIP44	14.6700953040018
0.024	0.024	0.575	0.377
0.247	0.751	0.001	0.001
0.001	0.997	0.001	0.001
0.997	0.001	0.001	0.001
0.001	0.963	0.024	0.012
0.128	0.012	0.859	0.001
0.001	0.001	0.001	0.997
0.072	0.926	0.001	0.001
0.927	0.001	0.048	0.024
0.036	0.254	0.431	0.279
0.133	0.626	0.060	0.181
>WCTGACA	ARCH127_GRF9	10.2216928532401
0.453	0.099	0.001	0.447
0.001	0.997	0.001	0.001
0.001	0.001	0.001	0.997
0.001	0.001	0.997	0.001
0.997	0.001	0.001	0.001
0.001	0.997	0.001	0.001
0.997	0.001	0.001	0.001
>TGTTCACGGTGG	ARCH128_FOXF2	16.4516381051768
0.001	0.001	0.001	0.997
0.006	0.107	0.789	0.098
0.001	0.001	0.001	0.997
0.001	0.001	0.001	0.997
0.001	0.778	0.220	0.001
0.895	0.001	0.001	0.103
0.122	0.876	0.001	0.001
0.214	0.001	0.571	0.214
0.001	0.128	0.870	0.001
0.001	0.001	0.122	0.876
0.214	0.001	0.678	0.107
0.220	0.091	0.688	0.001
>KTTGACYW	ARCH129_WRKY45	10.4759950082224
0.186	0.017	0.429	0.368
0.001	0.001	0.001	0.997
0.001	0.001	0.001	0.997
0.001	0.001	0.997	0.001
0.997	0.001	0.001	0.001
0.001	0.997	0.001	0.001
0.001	0.332	0.001	0.666
0.398	0.095	0.001	0.506
>CAGACACTCG	ARCH130_sma-4	14.7832102735843
0.052	0.880	0.001	0.067
0.887	0.066	0.001	0.046
0.034	0.033	0.932	0.001
0.925	0.001	0.001	0.073
0.001	0.926	0.001	0.072
0.931	0.001	0.001	0.067
0.065	0.933	0.001	0.001
0.001	0.001	0.050	0.948
0.001	0.942	0.001	0.056
0.001	0.079	0.772	0.148
>	ARCH131_Xbp1	15.8721206881277
0.214	0.080	0.594	0.111
0.514	0.246	0.173	0.067
0.084	0.051	0.035	0.830
0.065	0.042	0.766	0.127
0.999	0.000	0.001	0.000
0.000	0.998	0.000	0.002
0.000	0.000	0.999	0.000
0.005	0.056	0.001	0.939
0.060	0.029	0.882	0.029
0.063	0.047	0.399	0.490
0.193	0.577	0.075	0.155
0.363	0.302	0.157	0.178
0.241	0.250	0.083	0.427
0.400	0.058	0.043	0.499
>	ARCH132_Creb3l2/Creb3l1	18.6747734814673
0.067	0.148	0.076	0.708
