<!DOCTYPE HTML>
<html>
  <head>
    <meta charset="UTF-8">
    <title>Tomtom Results</title>
    <script>
      // @JSON_VAR data
      var data = {
        "program": "Tomtom",
        "version": "5.5.7",
        "release": "Wed Jun 19 13:59:04 2024 -0700",
        "cmd": [
          "tomtom", "-o",
          "/users/asebe/aelek/proj/scATAC_nvec_v2/Nematostella_scATAC/results/Motifs/streme/muscle_ovl//peaks_muscle_mesentery_retractor_muscle_MR/tomtom",
          "-no-ssc", "-verbosity", "1", "-min-overlap", "5", "-dist",
          "pearson", "-evalue", "-thresh", "0.5",
          "/users/asebe/aelek/proj/scATAC_nvec_v2/Nematostella_scATAC/results/Motifs/streme/muscle_ovl//peaks_muscle_mesentery_retractor_muscle_MR/streme/streme.xml",
          "/users/asebe/aelek/proj/scATAC_nvec_v2/Nematostella_scATAC/results/Archetypes/motif-archetypes-PPM-PCC-0.8-IC0.5-5bp-pwms.meme"
        ],
        "options": {
          "strands": "both",
          "distance_measure": "pearson",
          "threshold_type": "evalue",
          "threshold_value": 0.5,
          "background_source": "--query--"
        },
        "alphabet": {
          "name": "DNA",
          "like": "dna",
          "ncore": 4,
          "symbols": [
            {
              "symbol": "A",
              "name": "Adenine",
              "colour": "CC0000",
              "complement": "T"
            }, {
              "symbol": "C",
              "name": "Cytosine",
              "colour": "0000CC",
              "complement": "G"
            }, {
              "symbol": "G",
              "name": "Guanine",
              "colour": "FFB300",
              "complement": "C"
            }, {
              "symbol": "T",
              "aliases": "U",
              "name": "Thymine",
              "colour": "008000",
              "complement": "A"
            }, {
              "symbol": "N",
              "aliases": "X.",
              "name": "Any base",
              "equals": "ACGT"
            }, {
              "symbol": "V",
              "name": "Not T",
              "equals": "ACG"
            }, {
              "symbol": "H",
              "name": "Not G",
              "equals": "ACT"
            }, {
              "symbol": "D",
              "name": "Not C",
              "equals": "AGT"
            }, {
              "symbol": "B",
              "name": "Not A",
              "equals": "CGT"
            }, {
              "symbol": "M",
              "name": "Amino",
              "equals": "AC"
            }, {
              "symbol": "R",
              "name": "Purine",
              "equals": "AG"
            }, {
              "symbol": "W",
              "name": "Weak",
              "equals": "AT"
            }, {
              "symbol": "S",
              "name": "Strong",
              "equals": "CG"
            }, {
              "symbol": "Y",
              "name": "Pyrimidine",
              "equals": "CT"
            }, {
              "symbol": "K",
              "name": "Keto",
              "equals": "GT"
            }
          ]
        },
        "background": [0.25, 0.25, 0.25, 0.25],
        "query_dbs": [
          {
            "source": "/users/asebe/aelek/proj/scATAC_nvec_v2/Nematostella_scATAC/results/Motifs/streme/muscle_ovl//peaks_muscle_mesentery_retractor_muscle_MR/streme/streme.xml",
            "name": "streme.xml",
            "loaded": 9,
            "excluded": 0,
            "last_modified": "Fri Mar 14 19:18:55 2025"
          }
        ],
        "target_dbs": [
          {
            "source": "/users/asebe/aelek/proj/scATAC_nvec_v2/Nematostella_scATAC/results/Archetypes/motif-archetypes-PPM-PCC-0.8-IC0.5-5bp-pwms.meme",
            "name": "motif-archetypes-PPM-PCC-0.8-IC0.5-5bp-pwms",
            "loaded": 1727,
            "excluded": 0,
            "last_modified": "Fri Jul 26 14:32:05 2024"
          }
        ],
        "queries": [
          {
            "db": 0,
            "id": "1-TGTCACGCAAB",
            "alt": "STREME-1",
            "len": 11,
            "nsites": 1473,
            "evalue": "3.3e-014",
            "pwm": [
              [0.169268, 0.127307, 0.166334, 0.537091], 
              [0.00306994, 0.0087133, 0.988156, 6.07013e-05], 
              [6.07013e-05, 4.89773e-05, 4.89773e-05, 0.999841], 
              [0.0858953, 0.906647, 0.00739606, 6.07013e-05], 
              [0.999841, 4.89773e-05, 4.89773e-05, 6.07013e-05], 
              [6.07013e-05, 0.990008, 4.89773e-05, 0.00988214], 
              [0.0735849, 4.89773e-05, 0.871724, 0.0546419], 
              [0.0347546, 0.905764, 0.0285014, 0.0309799], 
              [0.709127, 0.044297, 0.136595, 0.109982], 
              [0.718954, 0.0590867, 0.0587171, 0.163242], 
              [0.0997742, 0.308389, 0.284206, 0.307631]
            ]
          }, {
            "db": 0,
            "id": "2-RAGGTCAAR",
            "alt": "STREME-2",
            "len": 9,
            "nsites": 1557,
            "evalue": "9.5e-012",
            "pwm": [
              [0.548338, 0.112044, 0.293803, 0.0458154], 
              [0.705275, 7.16826e-05, 0.294561, 9.20591e-05], 
              [9.20591e-05, 7.16826e-05, 0.999744, 9.20591e-05], 
              [9.20591e-05, 7.16826e-05, 0.999744, 9.20591e-05], 
              [9.20591e-05, 7.16826e-05, 7.16826e-05, 0.999765], 
              [9.20591e-05, 0.999744, 7.16826e-05, 9.20591e-05], 
              [0.999765, 7.16826e-05, 7.16826e-05, 9.20591e-05], 
              [0.661008, 0.230036, 0.108865, 9.20591e-05], 
              [0.340052, 0.178239, 0.376031, 0.105678]
            ]
          }, {
            "db": 0,
            "id": "3-SHGATAASV",
            "alt": "STREME-3",
            "len": 9,
            "nsites": 2132,
            "evalue": "1.1e-011",
            "pwm": [
              [0.178918, 0.400846, 0.420145, 9.00121e-05], 
              [0.435949, 0.336644, 6.90235e-05, 0.227338], 
              [9.00121e-05, 6.90235e-05, 0.999751, 9.00121e-05], 
              [0.984181, 6.90235e-05, 0.0156606, 9.00121e-05], 
              [9.00121e-05, 6.90235e-05, 6.90235e-05, 0.999772], 
              [0.999772, 6.90235e-05, 6.90235e-05, 9.00121e-05], 
              [0.776991, 6.90235e-05, 0.22285, 9.00121e-05], 
              [9.00121e-05, 0.644451, 0.355369, 9.00121e-05], 
              [0.34607, 0.350359, 0.30348, 9.00121e-05]
            ]
          }, {
            "db": 0,
            "id": "4-ACCACAGGDADCCCR",
            "alt": "STREME-4",
            "len": 15,
            "nsites": 1047,
            "evalue": "1.6e-007",
            "pwm": [
              [0.505397, 0.0694422, 0.189886, 0.235275], 
              [0.217333, 0.657657, 0.106262, 0.0187475], 
              [6.32046e-05, 0.999821, 5.26605e-05, 6.32046e-05], 
              [0.996589, 5.26605e-05, 0.00329499, 6.32046e-05], 
              [0.0456926, 0.954192, 5.26605e-05, 6.32046e-05], 
              [0.999831, 5.26605e-05, 5.26605e-05, 6.32046e-05], 
              [6.32046e-05, 5.26605e-05, 0.999821, 6.32046e-05], 
              [6.32046e-05, 5.26605e-05, 0.999821, 6.32046e-05], 
              [0.353398, 0.160747, 0.219253, 0.266601], 
              [0.700655, 0.042262, 0.0844778, 0.172604], 
              [0.307693, 0.0617633, 0.320143, 0.3104], 
              [0.108345, 0.887548, 5.26605e-05, 0.00405471], 
              [6.32046e-05, 0.999821, 5.26605e-05, 6.32046e-05], 
              [0.0032013, 0.945895, 5.26605e-05, 0.0508516], 
              [0.596317, 0.0125043, 0.380089, 0.0110901]
            ]
          }, {
            "db": 0,
            "id": "5-GCGTGAC",
            "alt": "STREME-5",
            "len": 7,
            "nsites": 2387,
            "evalue": "2.2e-005",
            "pwm": [
              [0.0697813, 0.147412, 0.560829, 0.221977], 
              [0.0549463, 0.944664, 0.000166186, 0.000223224], 
              [0.0129522, 0.0137269, 0.92544, 0.0478815], 
              [0.0186071, 0.0212615, 0.0111564, 0.948975], 
              [0.00448893, 0.000166186, 0.902155, 0.0931904], 
              [0.988735, 0.00361044, 0.000352548, 0.00730191], 
              [0.000223224, 0.843321, 0.000166186, 0.15629]
            ]
          }, {
            "db": 0,
            "id": "6-RTCTGTCA",
            "alt": "STREME-6",
            "len": 8,
            "nsites": 2287,
            "evalue": "6.8e-005",
            "pwm": [
              [0.344692, 0.0139639, 0.492479, 0.148865], 
              [0.149243, 0.0674692, 0.13817, 0.645118], 
              [0.0130835, 0.986579, 0.000144316, 0.000193176], 
              [0.0162284, 0.0204201, 0.000144316, 0.963207], 
              [0.166067, 0.000144316, 0.833596, 0.000193176], 
              [0.00849245, 0.00253582, 0.00718844, 0.981783], 
              [0.00700128, 0.979082, 0.00536921, 0.00854709], 
              [0.847345, 0.000144316, 0.101036, 0.0514753]
            ]
          }, {
            "db": 0,
            "id": "7-CRANATGGCGR",
            "alt": "STREME-7",
            "len": 11,
            "nsites": 987,
            "evalue": "1.8e-004",
            "pwm": [
              [0.169873, 0.636026, 9.59383e-05, 0.194005], 
              [0.555657, 9.59383e-05, 0.444125, 0.000121804], 
              [0.855421, 9.59383e-05, 0.144362, 0.000121804], 
              [0.224164, 0.204357, 0.379329, 0.192151], 
              [0.931147, 0.0686355, 9.59383e-05, 0.000121804], 
              [0.000121804, 9.59383e-05, 9.59383e-05, 0.999686], 
              [0.000121804, 9.59383e-05, 0.99966, 0.000121804], 
              [0.000121804, 9.59383e-05, 0.792168, 0.207613], 
              [0.000121804, 0.99966, 9.59383e-05, 0.000121804], 
              [0.000121804, 9.59383e-05, 0.753236, 0.246546], 
              [0.303405, 9.59383e-05, 0.490794, 0.205706]
            ]
          }, {
            "db": 0,
            "id": "8-WATCGCG",
            "alt": "STREME-8",
            "len": 7,
            "nsites": 2806,
            "evalue": "5.1e-003",
            "pwm": [
              [0.589092, 0.013659, 0.0717123, 0.325536], 
              [0.908672, 0.0657282, 0.0253632, 0.000237487], 
              [0.000237487, 0.0200238, 0.000176205, 0.979562], 
              [0.000237487, 0.999349, 0.000176205, 0.000237487], 
              [0.000237487, 0.0398344, 0.803255, 0.156672], 
              [0.0202287, 0.963685, 0.0158494, 0.000237487], 
              [0.221089, 0.000176205, 0.62245, 0.156285]
            ]
          }, {
            "db": 0,
            "id": "9-CGAAATC",
            "alt": "STREME-9",
            "len": 7,
            "nsites": 2273,
            "evalue": "1.0e-001",
            "pwm": [
              [0.000436723, 0.998804, 0.000322587, 0.000436723], 
              [0.000436723, 0.000322587, 0.998804, 0.000436723], 
              [0.890971, 0.10827, 0.000322587, 0.000436723], 
              [0.78777, 0.000322587, 0.0750076, 0.136899], 
              [0.998918, 0.000322587, 0.000322587, 0.000436723], 
              [0.149399, 0.148235, 0.170364, 0.532002], 
              [0.000436723, 0.998804, 0.000322587, 0.000436723]
            ]
          }
        ],
        "targets": [
          {
            "db": 0,
            "id": "ARCH1253_Yy1",
            "len": 10,
            "nsites": 100,
            "pwm": [
              [0.0472947, 0.808911, 0.117256, 0.0265395], 
              [0.00855145, 0.00024975, 0.97988, 0.0113197], 
              [0.0044006, 0.9951, 0.00024975, 0.00024975], 
              [0.00163337, 0.997867, 0.00024975, 0.00024975], 
              [0.9951, 0.0044006, 0.00024975, 0.00024975], 
              [0.00024975, 0.00024975, 0.00024975, 0.999251], 
              [0.170181, 0.461526, 0.139394, 0.228899], 
              [0.0168541, 0.0182378, 0.00855145, 0.956358], 
              [0.00024975, 0.0154705, 0.00024975, 0.984031], 
              [0.0514456, 0.0320739, 0.687582, 0.228899]
            ]
          }, {
            "db": 0,
            "id": "ARCH1254_M08020_2.00",
            "len": 21,
            "nsites": 100,
            "pwm": [
              [0.12644, 0.610166, 0.194792, 0.0686024], 
              [0.0580869, 0.0107652, 0.873061, 0.0580869], 
              [0.0265395, 0.957188, 0.00024975, 0.016023], 
              [0.00024975, 0.999251, 0.00024975, 0.00024975], 
              [0.978219, 0.0212817, 0.00024975, 0.00024975], 
              [0.00024975, 0.0212817, 0.00024975, 0.978219], 
              [0.0423127, 0.568103, 0.221082, 0.168502], 
              [0.0423127, 0.0265395, 0.016023, 0.915125], 
              [0.00550749, 0.0580869, 0.00024975, 0.936156], 
              [0.131697, 0.0528292, 0.410366, 0.405108], 
              [0.331498, 0.0948921, 0.520781, 0.0528292], 
              [0.331498, 0.179018, 0.163245, 0.32624], 
              [0.179018, 0.0580869, 0.121182, 0.641713], 
              [0.342013, 0.189534, 0.368303, 0.10015], 
              [0.363045, 0.32624, 0.0896344, 0.221082], 
              [0.016023, 0.00024975, 0.741614, 0.242113], 
              [0.00024975, 0.00024975, 0.993993, 0.00550749], 
              [0.0212817, 0.00024975, 0.930898, 0.0475704], 
              [0.0580869, 0.873061, 0.00024975, 0.0686024], 
              [0.694293, 0.0265395, 0.215823, 0.0633447], 
              [0.357787, 0.105408, 0.494493, 0.0423127]
            ]
          }, {
            "db": 0,
            "id": "ARCH1256_Yy1",
            "len": 12,
            "nsites": 100,
            "pwm": [
              [0.125867, 0.0805524, 0.530201, 0.263381], 
              [0.134476, 0.579937, 0.13922, 0.146367], 
              [0.0841489, 0.672989, 0.209041, 0.0338202], 
              [0.0401209, 0.00631668, 0.88577, 0.0677922], 
              [0.0193387, 0.977537, 0.00192507, 0.0011978], 
              [0.00609191, 0.993048, 0.000416583, 0.000444555], 
              [0.996706, 0.00228671, 0.000573427, 0.000432567], 
              [0.00925574, 0.000421578, 0.000416583, 0.989906], 
              [0.144117, 0.250445, 0.119552, 0.485885], 
              [0.129862, 0.0269361, 0.0753506, 0.767851], 
              [0.0355265, 0.101995, 0.0223906, 0.840089], 
              [0.119508, 0.0735095, 0.556199, 0.250782]
            ]
          }, {
            "db": 0,
            "id": "ARCH1346_Ahr::Arnt",
            "len": 6,
            "nsites": 100,
            "pwm": [
              [0.00124875, 0.00124875, 0.00124875, 0.996254], 
              [0.00124875, 0.996254, 0.00124875, 0.00124875], 
              [0.996254, 0.00124875, 0.00124875, 0.00124875], 
              [0.00124875, 0.996254, 0.00124875, 0.00124875], 
              [0.00124875, 0.00124875, 0.996254, 0.00124875], 
              [0.314935, 0.682567, 0.00124875, 0.00124875]
            ]
          }, {
            "db": 0,
            "id": "ARCH1350_Gata3/Gata1/Gata2",
            "len": 17,
            "nsites": 100,
            "pwm": [
              [0.116446, 0.186825, 0.187377, 0.509353], 
              [0.0804356, 0.0867243, 0.583943, 0.248897], 
              [0.127367, 0.229074, 0.434257, 0.209303], 
              [0.202671, 0.243336, 0.307305, 0.246689], 
              [0.243384, 0.22997, 0.32471, 0.201936], 
              [0.21234, 0.236163, 0.35473, 0.196766], 
              [0.243373, 0.215538, 0.34758, 0.193507], 
              [0.21086, 0.245893, 0.307635, 0.235611], 
              [0.301995, 0.188905, 0.336, 0.1731], 
              [0.158416, 0.42684, 0.328087, 0.0866573], 
              [0.688996, 0.0257053, 0.0115634, 0.273735], 
              [0.00184815, 0.00104895, 0.996054, 0.00104895], 
              [0.991254, 0.00264935, 0.00304795, 0.00304895], 
              [0.0128102, 0.00665734, 0.0176953, 0.962837], 
              [0.915884, 0.00346454, 0.0106983, 0.069954], 
              [0.798385, 0.0191608, 0.143748, 0.0387063], 
              [0.174163, 0.182184, 0.570543, 0.0731099]
            ]
          }, {
            "db": 0,
            "id": "ARCH1351_Gata3/Gata1/Gata2",
            "len": 17,
            "nsites": 100,
            "pwm": [
              [0.124126, 0.104146, 0.158092, 0.613636], 
              [0.0801698, 0.0501998, 0.651598, 0.218032], 
              [0.132118, 0.222028, 0.413836, 0.232018], 
              [0.271978, 0.156094, 0.28996, 0.281968], 
              [0.303946, 0.158092, 0.305944, 0.232018], 
              [0.248002, 0.198052, 0.367882, 0.186064], 
              [0.26998, 0.196054, 0.275974, 0.257992], 
              [0.222028, 0.224026, 0.267982, 0.285964], 
              [0.325924, 0.114136, 0.343906, 0.216034], 
              [0.192058, 0.337912, 0.371878, 0.0981518], 
              [0.773477, 0.00424575, 0.00824176, 0.214036], 
              [0.00024975, 0.00024975, 0.995255, 0.00424575], 
              [0.985265, 0.00024975, 0.00824176, 0.00624376], 
              [0.00624376, 0.00224775, 0.0162338, 0.975275], 
              [0.965285, 0.00624376, 0.00024975, 0.0282218], 
              [0.843407, 0.0102398, 0.114136, 0.0322178], 
              [0.14011, 0.168082, 0.627622, 0.0641858]
            ]
          }, {
            "db": 0,
            "id": "ARCH1352_Gata3/Gata1/Gata2",
            "len": 14,
            "nsites": 100,
            "pwm": [
              [0.999251, 0.00024975, 0.00024975, 0.00024975], 
              [0.20005, 0.20005, 0.20005, 0.39985], 
              [0.33325, 0.252522, 0.080977, 0.33325], 
              [0.202068, 0.131432, 0.33325, 0.33325], 
              [0.20005, 0.13012, 0.26998, 0.39985], 
              [0.11125, 0.33325, 0.33325, 0.22225], 
              [0.25999, 0.31993, 0.00024975, 0.41983], 
              [0.00024975, 0.00024975, 0.999251, 0.00024975], 
              [0.999251, 0.00024975, 0.00024975, 0.00024975], 
              [0.00024975, 0.00024975, 0.00024975, 0.999251], 
              [0.999251, 0.00024975, 0.00024975, 0.00024975], 
              [0.702517, 0.0991608, 0.0991608, 0.0991608], 
              [0.00024975, 0.21004, 0.62962, 0.16009], 
              [0.13012, 0.30994, 0.49975, 0.0601898]
            ]
          }, {
            "db": 0,
            "id": "ARCH1353_Gata3/Gata1/Gata2",
            "len": 7,
            "nsites": 100,
            "pwm": [
              [0.229188, 0.520562, 0.187562, 0.0626873], 
              [0.520562, 0.0418751, 0.0418751, 0.395687], 
              [0.00024975, 0.00024975, 0.999251, 0.00024975], 
              [0.999251, 0.00024975, 0.00024975, 0.00024975], 
              [0.00024975, 0.00024975, 0.00024975, 0.999251], 
              [0.999251, 0.00024975, 0.00024975, 0.00024975], 
              [0.562188, 0.0210619, 0.33325, 0.0834995]
            ]
          }, {
            "db": 0,
            "id": "ARCH1445_PH0037.1_Hdx",
            "len": 6,
            "nsites": 100,
            "pwm": [
              [0.112138, 0.00124875, 0.885365, 0.00124875], 
              [0.996254, 0.00124875, 0.00124875, 0.00124875], 
              [0.996254, 0.00124875, 0.00124875, 0.00124875], 
              [0.896354, 0.00124875, 0.101149, 0.00124875], 
              [0.00124875, 0.00424575, 0.00124875, 0.993257], 
              [0.11014, 0.887363, 0.00124875, 0.00124875]
            ]
          }, {
            "db": 0,
            "id": "ARCH1450_Gata3/Gata1/Gata2",
            "len": 6,
            "nsites": 100,
            "pwm": [
              [0.00024975, 0.00024975, 0.999251, 0.00024975], 
              [0.997248, 0.00024975, 0.00225275, 0.00024975], 
              [0.00024975, 0.00024975, 0.00024975, 0.999251], 
              [0.888632, 0.0407433, 0.0106344, 0.05999], 
              [0.731831, 0.089038, 0.100177, 0.078954], 
              [0.0293606, 0.433215, 0.412987, 0.124439]
            ]
          }, {
            "db": 0,
            "id": "ARCH1452_Gata3/Gata1/Gata2",
            "len": 12,
            "nsites": 100,
            "pwm": [
              [0.491533, 0.158845, 0.0144396, 0.335182], 
              [0.00813786, 0.00951049, 0.974364, 0.00798801], 
              [0.978215, 0.00476024, 0.00561439, 0.0114106], 
              [0.00246454, 0.00647453, 0.00346154, 0.987599], 
              [0.857018, 0.008997, 0.0044016, 0.129583], 
              [0.812324, 0.0288991, 0.106219, 0.0525574], 
              [0.0962977, 0.561392, 0.225752, 0.116558], 
              [0.245393, 0.0730679, 0.667252, 0.0142877], 
              [0.887632, 0.0375874, 0.0341838, 0.0405964], 
              [0.0485205, 0.0443786, 0.0373227, 0.869778], 
              [0.0688641, 0.841155, 0.0493077, 0.0406733], 
              [0.277347, 0.0433147, 0.0976963, 0.581642]
            ]
          }, {
            "db": 0,
            "id": "ARCH1457_Gata3/Gata1/Gata2",
            "len": 7,
            "nsites": 100,
            "pwm": [
              [0.478226, 0.144434, 0.0244525, 0.352889], 
              [0.00355445, 0.00126973, 0.993624, 0.00155145], 
              [0.991101, 0.00188611, 0.00063037, 0.00638262], 
              [0.00471828, 0.00284416, 0.00408392, 0.988354], 
              [0.856063, 0.0273586, 0.0141698, 0.102409], 
              [0.782943, 0.0433876, 0.102058, 0.0716124], 
              [0.113488, 0.318894, 0.491229, 0.0763896]
            ]
          }, {
            "db": 0,
            "id": "ARCH1459_Gata3/Gata1/Gata2",
            "len": 7,
            "nsites": 100,
            "pwm": [
              [0.613082, 0.11259, 0.0153546, 0.258973], 
              [0.00123477, 0.00423676, 0.993262, 0.00126673], 
              [0.995101, 0.00151449, 0.000749251, 0.00263437], 
              [0.000999001, 0.00624376, 0.000749251, 0.992008], 
              [0.911162, 0.026026, 0.00324675, 0.0595654], 
              [0.821701, 0.0270519, 0.1004, 0.0508472], 
              [0.156553, 0.3021, 0.474255, 0.0670919]
            ]
          }, {
            "db": 0,
            "id": "ARCH1464_Gata3/Gata1/Gata2",
            "len": 9,
            "nsites": 100,
            "pwm": [
              [0.20533, 0.227664, 0.530208, 0.0367982], 
              [0.650007, 0.156597, 0.0246154, 0.16878], 
              [0.00024975, 0.00024975, 0.999251, 0.00024975], 
              [0.999251, 0.00024975, 0.00024975, 0.00024975], 
              [0.00024975, 0.00024975, 0.00024975, 0.999251], 
              [0.766422, 0.172165, 0.0124326, 0.048981], 
              [0.74747, 0.0246154, 0.0557502, 0.172165], 
              [0.128847, 0.208713, 0.404994, 0.257446], 
              [0.828689, 0.0246154, 0.0733477, 0.0733477]
            ]
          }, {
            "db": 0,
            "id": "ARCH1467_Gata3/Gata1/Gata2",
            "len": 11,
            "nsites": 100,
            "pwm": [
              [0.662556, 0.00924076, 0.0145455, 0.313658], 
              [0.00324675, 0.00024975, 0.995255, 0.00124875], 
              [0.993257, 0.00324675, 0.00224775, 0.00124875], 
              [0.00924076, 0.0308372, 0.0252248, 0.934697], 
              [0.758234, 0.036986, 0.00324675, 0.201532], 
              [0.603605, 0.0192308, 0.275541, 0.101622], 
              [0.198989, 0.281834, 0.420015, 0.0991618], 
              [0.460975, 0.276767, 0.212975, 0.0492837], 
              [0.764486, 0.0482018, 0.0701798, 0.117133], 
              [0.0644945, 0.152098, 0.105608, 0.677799], 
              [0.134116, 0.666655, 0.0809421, 0.118287]
            ]
          }, {
            "db": 0,
            "id": "ARCH1468_Gata3/Gata1/Gata2",
            "len": 8,
            "nsites": 100,
            "pwm": [
              [0.671071, 0.0333077, 0.00858042, 0.287041], 
              [0.00306494, 0.00124875, 0.992621, 0.00306494], 
              [0.98808, 0.00406394, 0.00433666, 0.00351948], 
              [0.00760639, 0.011965, 0.0182498, 0.962179], 
              [0.916815, 0.00841259, 0.0107902, 0.063982], 
              [0.896112, 0.00660739, 0.0792727, 0.018009], 
              [0.121689, 0.171482, 0.674616, 0.0322128], 
              [0.432223, 0.184807, 0.345008, 0.037962]
            ]
          }, {
            "db": 0,
            "id": "ARCH1469_Gata3/Gata1/Gata2",
            "len": 7,
            "nsites": 100,
            "pwm": [
              [0.612988, 0.0745315, 0.00643956, 0.306042], 
              [0.00111588, 0.00082018, 0.997243, 0.00082018], 
              [0.997538, 0.00082018, 0.00082018, 0.00082018], 
              [0.00082018, 0.00082018, 0.00082018, 0.997538], 
              [0.974038, 0.00277922, 0.00129171, 0.0218901], 
              [0.944986, 0.00804096, 0.0323586, 0.0146144], 
              [0.0453686, 0.2412, 0.692006, 0.0214246]
            ]
          }, {
            "db": 0,
            "id": "ARCH1472_Gata3/Gata1/Gata2",
            "len": 7,
            "nsites": 100,
            "pwm": [
              [0.466933, 0.0969171, 0.0277682, 0.408382], 
              [0.00882817, 0.00402797, 0.980213, 0.00693107], 
              [0.976335, 0.00628072, 0.0033047, 0.0140799], 
              [0.00721279, 0.00707493, 0.00191608, 0.983796], 
              [0.833373, 0.0288112, 0.00965634, 0.12816], 
              [0.793173, 0.037033, 0.0821409, 0.0876533], 
              [0.0994226, 0.336661, 0.45505, 0.108867]
            ]
          }, {
            "db": 0,
            "id": "ARCH1473_Gata3/Gata1/Gata2",
            "len": 8,
            "nsites": 100,
            "pwm": [
              [0.122627, 0.603147, 0.124625, 0.1496], 
              [0.203047, 0.273976, 0.0202298, 0.502747], 
              [0.000749251, 0.000749251, 0.997752, 0.000749251], 
              [0.825924, 0.000749251, 0.0332168, 0.14011], 
              [0.00174825, 0.000749251, 0.0606893, 0.936813], 
              [0.995754, 0.000749251, 0.000749251, 0.00274725], 
              [0.938811, 0.000749251, 0.0596903, 0.000749251], 
              [0.130619, 0.537712, 0.330919, 0.000749251]
            ]
          }, {
            "db": 0,
            "id": "ARCH1503_Meis3/Meis2/Meis1_...",
            "len": 6,
            "nsites": 100,
            "pwm": [
              [0.0314685, 0.00024975, 0.0314685, 0.936813], 
              [0.00024975, 0.00024975, 0.999251, 0.00024975], 
              [0.874376, 0.00024975, 0.0314685, 0.0939061], 
              [0.00024975, 0.999251, 0.00024975, 0.00024975], 
              [0.999251, 0.00024975, 0.00024975, 0.00024975], 
              [0.0314685, 0.125125, 0.811938, 0.0314685]
            ]
          }, {
            "db": 0,
            "id": "ARCH1545_Meis3/Meis2/Meis1_...",
            "len": 6,
            "nsites": 100,
            "pwm": [
              [0.000270729, 0.00024975, 0.00588511, 0.993594], 
              [0.000555445, 0.00024975, 0.998945, 0.00024975], 
              [0.999251, 0.00024975, 0.00024975, 0.00024975], 
              [0.00024975, 0.990563, 0.00024975, 0.00893706], 
              [0.948931, 0.0019001, 0.0363427, 0.0128262], 
              [0.128816, 0.118506, 0.574867, 0.17781]
            ]
          }, {
            "db": 0,
            "id": "ARCH1554_MEIS2",
            "len": 8,
            "nsites": 100,
            "pwm": [
              [0.00424575, 0.107143, 0.00124875, 0.887363], 
              [0.00124875, 0.0841658, 0.785465, 0.129121], 
              [0.731518, 0.00124875, 0.00124875, 0.265984], 
              [0.115135, 0.882368, 0.00124875, 0.00124875], 
              [0.80045, 0.00124875, 0.123127, 0.0751748], 
              [0.00124875, 0.0501998, 0.869381, 0.0791708], 
              [0.233017, 0.457792, 0.192058, 0.117133], 
              [0.132118, 0.581668, 0.144106, 0.142108]
            ]
          }, {
            "db": 0,
            "id": "ARCH1556_Hnf4g/Hnf4a_Nr2c1/...",
            "len": 8,
            "nsites": 100,
            "pwm": [
              [0.174987, 0.0371588, 0.720097, 0.0677582], 
              [0.276906, 0.00024975, 0.719273, 0.00357143], 
              [0.00024975, 0.00148851, 0.993472, 0.00479021], 
              [0.00108292, 0.00024975, 0.948051, 0.0506164], 
              [0.00024975, 0.00024975, 0.00806094, 0.99144], 
              [0.00024975, 0.985838, 0.00187512, 0.012036], 
              [0.92433, 0.0528292, 0.0225914, 0.00024975], 
              [0.501357, 0.165642, 0.156909, 0.176092]
            ]
          }, {
            "db": 0,
            "id": "ARCH1557_Hnf4g/Hnf4a_Nr2c1/...",
            "len": 6,
            "nsites": 100,
            "pwm": [
              [0.538177, 0.0271369, 0.421698, 0.012988], 
              [0.0106224, 0.00737063, 0.943166, 0.0388402], 
              [0.0151099, 0.000976024, 0.903306, 0.0806094], 
              [0.00891608, 0.0181538, 0.0427393, 0.930191], 
              [0.00909091, 0.88594, 0.0293506, 0.0756184], 
              [0.847748, 0.0102757, 0.127099, 0.0148771]
            ]
          }, {
            "db": 0,
            "id": "ARCH1561_THRb",
            "len": 6,
            "nsites": 100,
            "pwm": [
              [0.798452, 0.00124875, 0.199051, 0.00124875], 
              [0.00124875, 0.0252248, 0.972278, 0.00124875], 
              [0.00124875, 0.0162338, 0.914336, 0.0681818], 
              [0.204046, 0.0511988, 0.0581918, 0.686563], 
              [0.0382118, 0.882368, 0.0362138, 0.0432068], 
              [0.971279, 0.00124875, 0.0262238, 0.00124875]
            ]
          }, {
            "db": 0,
            "id": "ARCH1579_M03945_2.00__sv",
            "len": 10,
            "nsites": 100,
            "pwm": [
              [0.611831, 0.00482318, 0.222857, 0.16049], 
              [0.20814, 0.154298, 0.0706094, 0.566953], 
              [0.0103596, 0.127111, 0.787961, 0.0745684], 
              [0.015047, 0.95018, 0.016046, 0.0187263], 
              [0.257575, 0.0704156, 0.627772, 0.0442378], 
              [0.034013, 0.0345085, 0.0145914, 0.916887], 
              [0.229641, 0.0863227, 0.651748, 0.0322877], 
              [0.697977, 0.0926713, 0.128564, 0.0807882], 
              [0.142862, 0.757845, 0.0206134, 0.0786793], 
              [0.0982957, 0.204082, 0.549937, 0.147685]
            ]
          }, {
            "db": 0,
            "id": "ARCH1580_Pax7/Pax3",
            "len": 7,
            "nsites": 100,
            "pwm": [
              [0.0199121, 0.000613387, 0.803536, 0.175938], 
              [0.193858, 0.0356184, 0.000697303, 0.769825], 
              [0.0581119, 0.712245, 0.00394905, 0.225693], 
              [0.962056, 0.0371718, 0.000260739, 0.000511489], 
              [0.0321778, 0.730561, 0.0010959, 0.236165], 
              [0.176397, 0.000316683, 0.813725, 0.00956144], 
              [0.017025, 0.450552, 0.513068, 0.0193546]
            ]
          }, {
            "db": 0,
            "id": "ARCH1581_M00706_2.00__M0643...",
            "len": 8,
            "nsites": 100,
            "pwm": [
              [0.00120779, 0.384866, 0.612344, 0.00158242], 
              [0.0103846, 0.92039, 0.0256813, 0.0435445], 
              [0.124587, 0.0194505, 0.827914, 0.028047], 
              [0.00136863, 0.0334406, 0.108555, 0.856635], 
              [0.179017, 0.0365295, 0.746064, 0.0383896], 
              [0.913546, 0.0196933, 0.0213796, 0.0453806], 
              [0.0875594, 0.89708, 0.0135465, 0.00181419], 
              [0.0871958, 0.16306, 0.706024, 0.0437213]
            ]
          }, {
            "db": 0,
            "id": "ARCH1585_Nr2c1/Nr2c2_Nr2f1/...",
            "len": 6,
            "nsites": 100,
            "pwm": [
              [0.521782, 0.0176553, 0.453648, 0.00691409], 
              [0.00162837, 0.000821179, 0.964152, 0.0333976], 
              [0.00394306, 0.000308691, 0.979113, 0.0166354], 
              [0.0257413, 0.0453257, 0.0500659, 0.878866], 
              [0.00499401, 0.950718, 0.000354645, 0.0439331], 
              [0.89551, 0.00864036, 0.0936703, 0.00217882]
            ]
          }, {
            "db": 0,
            "id": "ARCH1586_Nr2c1/Nr2c2_Nr2f1/...",
            "len": 6,
            "nsites": 100,
            "pwm": [
              [0.525197, 0.0946613, 0.353674, 0.0264665], 
              [0.0281179, 0.0162198, 0.908191, 0.0474715], 
              [0.0167443, 0.0113007, 0.873945, 0.098009], 
              [0.0362557, 0.0303187, 0.0380999, 0.895327], 
              [0.020013, 0.876413, 0.0235634, 0.08001], 
              [0.865857, 0.00546354, 0.0995724, 0.0291069]
            ]
          }, {
            "db": 0,
            "id": "ARCH1587_RAR:RXR",
            "len": 12,
            "nsites": 100,
            "pwm": [
              [0.661588, 0.0571928, 0.27997, 0.00124875], 
              [0.00124875, 0.00124875, 0.984266, 0.0132368], 
              [0.0142358, 0.00124875, 0.62962, 0.354895], 
              [0.00124875, 0.0681818, 0.0352148, 0.895355], 
              [0.0292208, 0.909341, 0.0292208, 0.0322178], 
              [0.996254, 0.00124875, 0.00124875, 0.00124875], 
              [0.859391, 0.00124875, 0.138112, 0.00124875], 
              [0.117133, 0.00124875, 0.88037, 0.00124875], 
              [0.00124875, 0.0112388, 0.887363, 0.10015], 
              [0.256993, 0.138112, 0.19006, 0.414835], 
              [0.0711788, 0.638611, 0.189061, 0.101149], 
              [0.601648, 0.0322178, 0.246004, 0.12013]
            ]
          }, {
            "db": 0,
            "id": "ARCH1590_Nr2c1/Nr2c2_Nr2f1/...",
            "len": 17,
            "nsites": 100,
            "pwm": [
              [0.994068, 0.00124675, 0.00443556, 0.00024975], 
              [0.00247053, 0.00099001, 0.870705, 0.125834], 
              [0.00793806, 0.00089011, 0.981439, 0.00973227], 
              [0.00522577, 0.0238202, 0.064021, 0.906932], 
              [0.00125974, 0.934278, 0.00715085, 0.0573117], 
              [0.930476, 0.00142158, 0.0655085, 0.00259441], 
              [0.439713, 0.265658, 0.0992158, 0.195414], 
              [0.295063, 0.205338, 0.267825, 0.231774], 
              [0.233768, 0.314929, 0.206607, 0.244696], 
              [0.171158, 0.213961, 0.275109, 0.339772], 
              [0.255966, 0.120333, 0.337253, 0.286449], 
              [0.00522078, 0.0464076, 0.00195405, 0.946418], 
              [0.0697772, 0.00717483, 0.922245, 0.000804196], 
              [0.894008, 0.0753656, 0.0303766, 0.00024975], 
              [0.0136813, 0.971118, 0.00024975, 0.014952], 
              [0.187818, 0.807416, 0.000783217, 0.00398302], 
              [0.0008002, 0.00231568, 0.00024975, 0.996634]
            ]
          }, {
            "db": 0,
            "id": "ARCH1591_Nr2c1/Nr2c2_Nr2f1/...",
            "len": 8,
            "nsites": 100,
            "pwm": [
              [0.288208, 0.509113, 0.133807, 0.0688721], 
              [0.69496, 0.0108302, 0.283381, 0.0108302], 
              [0.866619, 0.000288711, 0.132803, 0.000288711], 
              [0.000288711, 0.000288711, 0.999135, 0.000288711], 
              [0.000288711, 0.000288711, 0.996637, 0.00278621], 
              [0.0252637, 0.0177712, 0.0227662, 0.9342], 
              [0.000288711, 0.966667, 0.0327562, 0.000288711], 
              [0.971662, 0.0102787, 0.0102787, 0.00778122]
            ]
          }, {
            "db": 0,
            "id": "ARCH1595_Nr2c1/Nr2c2_Nr2f1/...",
            "len": 9,
            "nsites": 100,
            "pwm": [
              [0.39987, 0.0980569, 0.393323, 0.108749], 
              [0.635179, 0.0684266, 0.285934, 0.0104605], 
              [0.0086024, 0.0044995, 0.95984, 0.0270579], 
              [0.00496104, 0.000301698, 0.935348, 0.0593886], 
              [0.0293946, 0.000297702, 0.0335385, 0.936769], 
              [0.0164565, 0.933839, 0.0216434, 0.0280609], 
              [0.887832, 0.000305694, 0.108569, 0.00329271], 
              [0.252265, 0.346982, 0.170066, 0.230687], 
              [0.180026, 0.187975, 0.504447, 0.127552]
            ]
          }, {
            "db": 0,
            "id": "ARCH1597_Nr2c1/Nr2c2_Nr2f1/...",
            "len": 20,
            "nsites": 100,
            "pwm": [
              [0.26051, 0.124374, 0.550801, 0.0643137], 
              [0.210461, 0.112362, 0.550801, 0.126377], 
              [0.37062, 0.0563057, 0.464715, 0.108358], 
              [0.284534, 0.0923417, 0.432683, 0.190441], 
              [0.168419, 0.208459, 0.554805, 0.0683177], 
              [0.394645, 0.0943437, 0.356606, 0.154405], 
              [0.102352, 0.156407, 0.244495, 0.496747], 
              [0.11036, 0.506757, 0.26051, 0.122372], 
              [0.442693, 0.230481, 0.192443, 0.134385], 
              [0.428679, 0.0683177, 0.354604, 0.148399], 
              [0.366616, 0.0502997, 0.548799, 0.0342837], 
              [0.811062, 0.00625574, 0.168419, 0.0142637], 
              [0.0422917, 0.00024975, 0.949201, 0.00825774], 
              [0.0202697, 0.0102597, 0.508759, 0.460711], 
              [0.0162657, 0.0462957, 0.0663157, 0.871122], 
              [0.00225175, 0.937189, 0.0402897, 0.0202697], 
              [0.983235, 0.00024975, 0.00425375, 0.0122617], 
              [0.562813, 0.108358, 0.256506, 0.0723217], 
              [0.178429, 0.0523017, 0.69895, 0.0703197], 
              [0.112362, 0.0863357, 0.736988, 0.0643137]
            ]
          }, {
            "db": 0,
            "id": "ARCH1598_Nr2c1/Nr2c2_Nr2f1/...",
            "len": 15,
            "nsites": 100,
            "pwm": [
              [0.321262, 0.0808362, 0.461122, 0.13678], 
              [0.21004, 0.128122, 0.515068, 0.14677], 
              [0.181402, 0.175408, 0.35989, 0.2833], 
              [0.168748, 0.444473, 0.270646, 0.116134], 
              [0.601648, 0.12013, 0.181402, 0.0968202], 
              [0.420497, 0.0675155, 0.484433, 0.0275554], 
              [0.725524, 0.00491209, 0.265318, 0.00424575], 
              [0.0435395, 0.00357942, 0.924658, 0.0282218], 
              [0.0255574, 0.0169001, 0.870047, 0.0874955], 
              [0.0342158, 0.0668501, 0.24334, 0.655594], 
              [0.0495335, 0.830752, 0.0788382, 0.0408761], 
              [0.933983, 0.0135694, 0.0275554, 0.0248921], 
              [0.248668, 0.17008, 0.448469, 0.132784], 
              [0.303946, 0.139444, 0.388528, 0.168082], 
              [0.186064, 0.150766, 0.52306, 0.14011]
            ]
          }, {
            "db": 0,
            "id": "ARCH1653_M02408_2.00",
            "len": 8,
            "nsites": 100,
            "pwm": [
              [0.199022, 0.109954, 0.58107, 0.109954], 
              [0.759808, 0.194197, 0.022998, 0.022998], 
              [0.106467, 0.329608, 0.540927, 0.022998], 
              [0.000451548, 0.000451548, 0.998644, 0.000451548], 
              [0.000451548, 0.000451548, 0.000451548, 0.998644], 
              [0.000451548, 0.998644, 0.000451548, 0.000451548], 
              [0.998644, 0.000451548, 0.000451548, 0.000451548], 
              [0.755884, 0.0495704, 0.144974, 0.0495704]
            ]
          }, {
            "db": 0,
            "id": "ARCH1655_Nr2c1/Nr2c2_Nr2f1/...",
            "len": 8,
            "nsites": 100,
            "pwm": [
              [0.56246, 0.0513756, 0.228933, 0.157232], 
              [0.833289, 0.00405694, 0.161643, 0.00101099], 
              [0.00024975, 0.00181818, 0.997682, 0.00024975], 
              [0.00024975, 0.00246953, 0.964471, 0.0328102], 
              [0.00406993, 0.00502498, 0.0174406, 0.973464], 
              [0.00428571, 0.985124, 0.00226773, 0.00832268], 
              [0.984473, 0.000989011, 0.0128112, 0.00172727], 
              [0.26947, 0.159812, 0.0633586, 0.507359]
            ]
          }, {
            "db": 0,
            "id": "ARCH1658_Nr2c1/Nr2c2_Nr2f1/...",
            "len": 19,
            "nsites": 100,
            "pwm": [
              [0.635434, 0.173332, 0.116486, 0.0747483], 
              [0.580746, 0.0318511, 0.314982, 0.0724206], 
              [0.966608, 0.000608392, 0.0325335, 0.00024975], 
              [0.00024975, 0.000533467, 0.998116, 0.0011009], 
              [0.00110589, 0.00024975, 0.996682, 0.00196204], 
              [0.00295005, 0.00210589, 0.00784515, 0.987099], 
              [0.000418581, 0.99588, 0.00294605, 0.000755245], 
              [0.992394, 0.00196404, 0.00424975, 0.00139261], 
