MEME version 5

ALPHABET= ACGT

strands: + -

Background letter frequencies
A 0.250000 C 0.250000 G 0.250000 T 0.250000

MOTIF ARCH153_Msantd2_Rcor1/Rcor2... 
letter-probability matrix: alength= 4 w= 8 nsites= 100 E= 0
 0.097558  0.279675  0.525209  0.097558 
 0.936201  0.021266  0.021266  0.021266 
 0.999683  0.000106  0.000106  0.000106 
 0.000106  0.000106  0.000106  0.999683 
 0.000106  0.999683  0.000106  0.000106 
 0.000106  0.910333  0.089455  0.000106 
 0.910333  0.000106  0.000106  0.089455 
 0.276084  0.094314  0.094314  0.535288 

MOTIF ARCH873_Pax5/Pax8/Pax2 
letter-probability matrix: alength= 4 w= 19 nsites= 100 E= 0
 0.104098  0.106735  0.095806  0.693360 
 0.130001  0.026645  0.057207  0.786147 
 0.041511  0.525751  0.020671  0.412068 
 0.703255  0.235622  0.030767  0.030356 
 0.027192  0.785480  0.018241  0.169087 
 0.104486  0.023762  0.855001  0.016751 
 0.008179  0.875101  0.105940  0.010780 
 0.443451  0.074622  0.021322  0.460605 
 0.015677  0.061486  0.010172  0.912666 
 0.013883  0.300893  0.673264  0.011961 
 0.811180  0.006474  0.165165  0.017181 
 0.202822  0.348872  0.292374  0.155932 
 0.030735  0.097298  0.026109  0.845859 
 0.097359  0.001067  0.724198  0.177376 
 0.353160  0.536473  0.107725  0.002641 
 0.558096  0.075368  0.274065  0.092471 
 0.008505  0.766624  0.007385  0.217486 
 0.544496  0.155790  0.087974  0.211739 
 0.154296  0.505901  0.161128  0.178675 

MOTIF ARCH983_Foxd2/Foxd4/Foxd3/F... 
letter-probability matrix: alength= 4 w= 10 nsites= 100 E= 0
 0.000000  0.000000  0.000000  1.000000 
 0.800000  0.000000  0.000000  0.200000 
 0.800000  0.000000  0.000000  0.200000 
 0.800000  0.200000  0.000000  0.000000 
 0.000000  1.000000  0.000000  0.000000 
 1.000000  0.000000  0.000000  0.000000 
 0.600000  0.000000  0.400000  0.000000 
 0.400000  0.400000  0.200000  0.000000 
 0.000000  0.000000  1.000000  0.000000 
 0.800000  0.000000  0.200000  0.000000 

MOTIF ARCH1025_Hoxa1/Hoxb1/Hoxd1 
letter-probability matrix: alength= 4 w= 9 nsites= 100 E= 0
 0.125130  0.143510  0.694060  0.037300 
 0.024667  0.368254  0.000333  0.606746 
 0.648855  0.265627  0.047684  0.037834 
 0.824091  0.045741  0.128601  0.001568 
 0.000333  0.004669  0.028000  0.966998 
 0.659888  0.055204  0.171082  0.113825 
 0.948802  0.000333  0.011444  0.039420 
 0.983932  0.003591  0.000333  0.012144 
 0.641586  0.104537  0.106535  0.147342 

MOTIF Nvec_vc1.1_XM_032371744.2_Doublesex_DM.HG1.12:DMRTA1/DMRTA2/DMRTB1_dimont Nvec_vc1.1_XM_032371744.2
letter-probability matrix: alength= 4 w= 14 nsites= 100 E= 0
 0.739184  0.037565  0.060347  0.162904 
 0.658755  0.000000  0.043937  0.297308 
 0.197621  0.082176  0.030280  0.689922 
 0.062474  0.050897  0.032842  0.853787 
 0.000000  0.000000  1.000000  0.000000 
 0.344182  0.161771  0.000270  0.493776 
 0.181405  0.000000  0.000000  0.818595 
 1.000000  0.000000  0.000000  0.000000 
 0.000000  1.000000  0.000000  0.000000 
 0.929207  0.000000  0.000104  0.070689 
 0.352228  0.000000  0.035322  0.612450 
 0.070850  0.000000  0.005674  0.923476 
 0.104868  0.037610  0.408921  0.448601 
 0.138497  0.068759  0.092825  0.699919 

MOTIF ARCH1068_bHLH122 
letter-probability matrix: alength= 4 w= 7 nsites= 100 E= 0
 0.001000  0.997000  0.001000  0.001000 
 0.889000  0.109000  0.001000  0.001000 
 0.997000  0.001000  0.001000  0.001000 
 0.001000  0.544000  0.454000  0.001000 
 0.001000  0.001000  0.001000  0.997000 
 0.001000  0.001000  0.010000  0.988000 
 0.001000  0.001000  0.997000  0.001000 

MOTIF ARCH1068_bHLH122 
letter-probability matrix: alength= 4 w= 7 nsites= 100 E= 0
 0.001000  0.997000  0.001000  0.001000 
 0.889000  0.109000  0.001000  0.001000 
 0.997000  0.001000  0.001000  0.001000 
 0.001000  0.544000  0.454000  0.001000 
 0.001000  0.001000  0.001000  0.997000 
 0.001000  0.001000  0.010000  0.988000 
 0.001000  0.001000  0.997000  0.001000 

MOTIF ARCH1546_Meis3/Meis2/Meis1_... 
letter-probability matrix: alength= 4 w= 6 nsites= 100 E= 0
 0.164157  0.188188  0.118573  0.529082 
 0.048250  0.032500  0.031782  0.887468 
 0.035054  0.047500  0.892015  0.025431 
 0.925914  0.023836  0.027250  0.023000 
 0.015000  0.984500  0.000250  0.000250 
 0.837569  0.043284  0.114397  0.004750 

MOTIF ARCH867_ZEB1__PL0011.1_hlh-... 
letter-probability matrix: alength= 4 w= 7 nsites= 100 E= 0
 0.404500  0.178000  0.402000  0.015500 
 0.005500  0.992500  0.001000  0.001000 
 0.997000  0.001000  0.001000  0.001000 
 0.001000  0.005000  0.993000  0.001000 
 0.001000  0.001000  0.996500  0.001500 
 0.001000  0.001000  0.001000  0.997000 
 0.235000  0.001000  0.763000  0.001000 

MOTIF ARCH1387_MYB105 
letter-probability matrix: alength= 4 w= 6 nsites= 100 E= 0
 0.022000  0.683000  0.023000  0.272000 
 0.159000  0.514000  0.178000  0.149000 
 0.031000  0.076000  0.877000  0.016000 
 0.017000  0.009000  0.037000  0.937000 
 0.023000  0.052000  0.005000  0.920000 
 0.738000  0.031000  0.140000  0.091000 

MOTIF ARCH1118_PL0012.1_hlh-2::hlh-8 
letter-probability matrix: alength= 4 w= 10 nsites= 100 E= 0
 0.761000  0.077000  0.133000  0.029000 
 0.776000  0.047000  0.080000  0.097000 
 0.787000  0.068000  0.065000  0.080000 
 0.042000  0.838000  0.061000  0.059000 
 0.757000  0.109000  0.066000  0.068000 
 0.080000  0.096000  0.035000  0.789000 
 0.084000  0.837000  0.043000  0.036000 
 0.043000  0.081000  0.078000  0.798000 
 0.810000  0.104000  0.044000  0.042000 
 0.035000  0.030000  0.854000  0.081000 

MOTIF ARCH144_BHLHE23 
letter-probability matrix: alength= 4 w= 10 nsites= 100 E= 0
 0.748000  0.132000  0.075000  0.045000 
 0.771000  0.059000  0.108000  0.062000 
 0.035000  0.060000  0.086000  0.819000 
 0.058000  0.815000  0.078000  0.049000 
 0.742000  0.072000  0.088000  0.098000 
 0.088000  0.055000  0.033000  0.824000 
 0.814000  0.044000  0.078000  0.064000 
 0.056000  0.093000  0.076000  0.775000 
 0.050000  0.038000  0.876000  0.036000 
 0.824000  0.074000  0.051000  0.051000 

MOTIF ARCH867_ZEB1__PL0011.1_hlh-... 
letter-probability matrix: alength= 4 w= 7 nsites= 100 E= 0
 0.404500  0.178000  0.402000  0.015500 
 0.005500  0.992500  0.001000  0.001000 
 0.997000  0.001000  0.001000  0.001000 
 0.001000  0.005000  0.993000  0.001000 
 0.001000  0.001000  0.996500  0.001500 
 0.001000  0.001000  0.001000  0.997000 
 0.235000  0.001000  0.763000  0.001000 

MOTIF ARCH1368_M04483_2.00__M0448... 
letter-probability matrix: alength= 4 w= 15 nsites= 100 E= 0
 0.147148  0.308102  0.065099  0.479651 
 0.258347  0.001647  0.739941  0.000065 
 0.000044  0.998370  0.000327  0.001258 
 0.999587  0.000000  0.000380  0.000033 
 0.000407  0.999398  0.000000  0.000195 
 0.998499  0.000968  0.000498  0.000035 
 0.005038  0.940250  0.003432  0.051280 
 0.409908  0.441881  0.134149  0.014062 
 0.009479  0.985431  0.001312  0.003777 
 0.031393  0.008901  0.033919  0.925787 
 0.019542  0.067959  0.817197  0.095303 
 0.545654  0.186350  0.108598  0.159398 
 0.574083  0.411164  0.004238  0.010515 
 0.937052  0.004822  0.055455  0.002670 
 0.553252  0.179007  0.154734  0.113007 

MOTIF ARCH1533_BHLH112 
letter-probability matrix: alength= 4 w= 12 nsites= 100 E= 0
 0.102000  0.896000  0.001000  0.001000 
 0.997000  0.001000  0.001000  0.001000 
 0.896000  0.102000  0.001000  0.001000 
 0.001000  0.001000  0.997000  0.001000 
 0.001000  0.102000  0.001000  0.896000 
 0.001000  0.001000  0.997000  0.001000 
 0.001000  0.072000  0.926000  0.001000 
 0.997000  0.001000  0.001000  0.001000 
 0.997000  0.001000  0.001000  0.001000 
 0.102000  0.896000  0.001000  0.001000 
 0.103000  0.103000  0.793000  0.001000 
 0.793000  0.103000  0.001000  0.103000 

MOTIF ARCH1153_/Sox4/Sox11_Sox13/... 
letter-probability matrix: alength= 4 w= 16 nsites= 100 E= 0
 0.987820  0.000544  0.002720  0.008916 
 0.953218  0.003035  0.038379  0.005369 
 0.001656  0.996674  0.001392  0.000278 
 0.998356  0.000000  0.001363  0.000281 
 0.995467  0.003172  0.000821  0.000540 
 0.000000  0.000281  0.000542  0.999176 
 0.307837  0.020954  0.612892  0.058317 
 0.030385  0.007601  0.096284  0.865730 
 0.067145  0.063457  0.592072  0.277326 
 0.015014  0.876855  0.007560  0.100570 
 0.998600  0.000280  0.001120  0.000000 
 0.000540  0.000842  0.919170  0.079448 
 0.001120  0.000280  0.000542  0.998058 
 0.002049  0.000562  0.997389  0.000000 
 0.002196  0.000827  0.002756  0.994221 
 0.007921  0.021361  0.011709  0.959009 

MOTIF ARCH242_Hlx 
letter-probability matrix: alength= 4 w= 7 nsites= 100 E= 0
 0.109649  0.036732  0.057566  0.796053 
 0.180921  0.010417  0.000000  0.808662 
 0.417763  0.000000  0.069627  0.512610 
 0.885417  0.000000  0.000000  0.114583 
 0.083333  0.000000  0.000000  0.916667 
 0.128838  0.041667  0.280154  0.549342 
 0.703399  0.000000  0.266996  0.029605 

MOTIF ARCH861_Scrt2/Scrt1 
letter-probability matrix: alength= 4 w= 12 nsites= 100 E= 0
 0.502169  0.228638  0.202882  0.066310 
 0.223940  0.607252  0.104063  0.064745 
 0.125940  0.736429  0.046839  0.090792 
 0.983508  0.002252  0.006529  0.007711 
 0.009873  0.983552  0.003532  0.003043 
 0.010251  0.907983  0.003377  0.078389 
 0.020403  0.038453  0.002742  0.938402 
 0.012389  0.013419  0.969268  0.004925 
 0.009693  0.022968  0.001264  0.966076 
 0.112975  0.035420  0.085859  0.765747 
 0.043164  0.010682  0.930260  0.015894 
 0.246007  0.658973  0.044627  0.050393 

MOTIF ARCH867_ZEB1__PL0011.1_hlh-... 
letter-probability matrix: alength= 4 w= 7 nsites= 100 E= 0
 0.404500  0.178000  0.402000  0.015500 
 0.005500  0.992500  0.001000  0.001000 
 0.997000  0.001000  0.001000  0.001000 
 0.001000  0.005000  0.993000  0.001000 
 0.001000  0.001000  0.996500  0.001500 
 0.001000  0.001000  0.001000  0.997000 
 0.235000  0.001000  0.763000  0.001000 

MOTIF ARCH364_Creb3l2/Creb3l1_Cre... 
letter-probability matrix: alength= 4 w= 12 nsites= 100 E= 0
 0.087270  0.239915  0.102580  0.570235 
 0.067175  0.022687  0.847425  0.062712 
 0.161565  0.775476  0.024168  0.038790 
 0.075583  0.804924  0.060980  0.058513 
 0.966876  0.004372  0.027831  0.000921 
 0.002760  0.978127  0.005470  0.013643 
 0.014070  0.006253  0.976760  0.002917 
 0.005320  0.027713  0.004404  0.962564 
 0.053554  0.066680  0.806489  0.073277 
 0.035589  0.026372  0.780537  0.157502 
 0.071296  0.853391  0.020955  0.054357 
 0.605779  0.143451  0.162902  0.087868 

MOTIF ARCH1345_Gfi1b/Gfi1 
letter-probability matrix: alength= 4 w= 19 nsites= 100 E= 0
 0.602895  0.264873  0.084504  0.047728 
 0.982140  0.013372  0.001037  0.003450 
 0.986350  0.007426  0.005171  0.001053 
 0.013364  0.085611  0.018281  0.882744 
 0.001750  0.994685  0.001565  0.002000 
 0.668767  0.012178  0.005715  0.313340 
 0.061952  0.672685  0.261735  0.003628 
 0.453306  0.018178  0.110644  0.417872 
 0.083440  0.019162  0.869155  0.028243 
 0.082322  0.769270  0.019137  0.129271 
 0.527979  0.127127  0.140156  0.204737 
 0.199663  0.363328  0.129280  0.307728 
 0.148520  0.312713  0.212095  0.326672 
 0.067695  0.424180  0.160923  0.347203 
 0.033380  0.799326  0.108631  0.058663 
 0.893118  0.018474  0.022418  0.065989 
 0.088788  0.688804  0.049474  0.172934 
 0.094753  0.011685  0.009284  0.884278 
 0.195385  0.529930  0.125765  0.148921 

MOTIF ARCH1533_BHLH112 
letter-probability matrix: alength= 4 w= 12 nsites= 100 E= 0
 0.102000  0.896000  0.001000  0.001000 
 0.997000  0.001000  0.001000  0.001000 
 0.896000  0.102000  0.001000  0.001000 
 0.001000  0.001000  0.997000  0.001000 
 0.001000  0.102000  0.001000  0.896000 
 0.001000  0.001000  0.997000  0.001000 
 0.001000  0.072000  0.926000  0.001000 
 0.997000  0.001000  0.001000  0.001000 
 0.997000  0.001000  0.001000  0.001000 
 0.102000  0.896000  0.001000  0.001000 
 0.103000  0.103000  0.793000  0.001000 
 0.793000  0.103000  0.001000  0.103000 

MOTIF ARCH523_Yy1 
letter-probability matrix: alength= 4 w= 17 nsites= 100 E= 0
 0.090909  0.636364  0.272727  0.000000 
 0.090909  0.181818  0.545455  0.181818 
 0.181818  0.000000  0.818182  0.000000 
 0.000000  1.000000  0.000000  0.000000 
 0.000000  1.000000  0.000000  0.000000 
 1.000000  0.000000  0.000000  0.000000 
 0.000000  0.000000  0.000000  1.000000 
 0.000000  0.727273  0.181818  0.090909 
 0.090909  0.090909  0.090909  0.727273 
 0.181818  0.000000  0.181818  0.636364 
 0.000000  0.272727  0.636364  0.090909 
 0.181818  0.181818  0.363636  0.272727 
 0.181818  0.545455  0.090909  0.181818 
 0.090909  0.090909  0.090909  0.727273 
 0.090909  0.363636  0.454545  0.090909 
 0.181818  0.363636  0.272727  0.181818 
 0.363636  0.000000  0.181818  0.454545 

MOTIF ARCH591_ISRE__IRF3__IRF8 
letter-probability matrix: alength= 4 w= 12 nsites= 100 E= 0
 0.577667  0.032333  0.247000  0.143000 
 0.037667  0.322333  0.576667  0.063333 
 0.008667  0.007667  0.004000  0.979667 
 0.018333  0.064333  0.007333  0.910000 
 0.007333  0.077000  0.023667  0.892000 
 0.004667  0.917000  0.012333  0.066000 
 0.524000  0.064000  0.275667  0.136333 
 0.076692  0.361120  0.408803  0.153384 
 0.023333  0.004333  0.007333  0.965000 
 0.004667  0.007000  0.003333  0.985000 
 0.003667  0.318000  0.006333  0.672000 
 0.011333  0.773333  0.017333  0.198000 

MOTIF ARCH1503_Meis3/Meis2/Meis1_... 
letter-probability matrix: alength= 4 w= 6 nsites= 100 E= 0
 0.031250  0.000000  0.031250  0.937500 
 0.000000  0.000000  1.000000  0.000000 
 0.875000  0.000000  0.031250  0.093750 
 0.000000  1.000000  0.000000  0.000000 
 1.000000  0.000000  0.000000  0.000000 
 0.031250  0.125000  0.812500  0.031250 

MOTIF ARCH1397_RBFox2__OCT:OCT-short 
letter-probability matrix: alength= 4 w= 6 nsites= 100 E= 0
 0.138000  0.054000  0.063000  0.745000 
 0.042500  0.012000  0.760500  0.185000 
 0.004000  0.979500  0.001500  0.015000 
 0.991000  0.003500  0.001000  0.004500 
 0.005000  0.018000  0.005000  0.972000 
 0.254127  0.025013  0.692846  0.028014 

MOTIF Nvec_vc1.1_XM_001623467.3_bZIP.HG1.12:CREBZF_homer Nvec_vc1.1_XM_001623467.3
letter-probability matrix: alength= 4 w= 10 nsites= 17409 E= 0
 0.305000  0.189000  0.231000  0.275000 
 0.365000  0.192000  0.251000  0.191000 
 0.290000  0.241000  0.087000  0.381000 
 0.317000  0.029000  0.295000  0.359000 
 0.919000  0.001000  0.001000  0.079000 
 0.001000  0.997000  0.001000  0.001000 
 0.001000  0.001000  0.997000  0.001000 
 0.065000  0.008000  0.001000  0.926000 
 0.387000  0.226000  0.052000  0.335000 
 0.403000  0.115000  0.209000  0.273000 

MOTIF ARCH18_Alx3/Alx4/Alx1_Barx2... 
letter-probability matrix: alength= 4 w= 11 nsites= 100 E= 0
 0.105243  0.200910  0.529648  0.164198 
 0.078975  0.497130  0.066464  0.357432 
 0.620939  0.104643  0.164650  0.109768 
 0.061549  0.081096  0.019485  0.837871 
 0.851059  0.033459  0.050054  0.065429 
 0.009959  0.069858  0.018959  0.901225 
 0.695662  0.019209  0.188823  0.096306 
 0.026348  0.078363  0.019459  0.875830 
 0.715947  0.053938  0.143912  0.086203 
 0.306489  0.061840  0.010851  0.620820 
 0.164150  0.112371  0.112371  0.611108 

MOTIF ARCH954_Foxn4/Foxn1 
letter-probability matrix: alength= 4 w= 5 nsites= 100 E= 0
 0.191173  0.159681  0.535489  0.113656 
 0.970300  0.001459  0.001729  0.026512 
 0.150692  0.695922  0.001180  0.152206 
 0.042000  0.000476  0.932304  0.025221 
 0.023255  0.969232  0.000648  0.006865 

MOTIF ARCH272_Pax5/Pax8/Pax2 
letter-probability matrix: alength= 4 w= 14 nsites= 100 E= 0
 0.093178  0.473252  0.308416  0.125155 
 0.009568  0.001604  0.940370  0.048458 
 0.070806  0.022463  0.005949  0.900781 
 0.016798  0.822182  0.016591  0.144429 
 0.915687  0.001043  0.082411  0.000859 
 0.006774  0.909680  0.002386  0.081160 
 0.040748  0.000639  0.952685  0.005927 
 0.006257  0.607991  0.379589  0.006162 
 0.161824  0.262170  0.075267  0.500740 
 0.324736  0.128477  0.064171  0.482616 
 0.684531  0.056368  0.238711  0.020390 
 0.026484  0.017571  0.018388  0.937557 
 0.046423  0.070714  0.020381  0.862483 
 0.834782  0.020239  0.048207  0.096772 

MOTIF ARCH968_Foxa3/Foxa1/Foxa2_F... 
letter-probability matrix: alength= 4 w= 8 nsites= 100 E= 0
 0.564948  0.059471  0.352183  0.023398 
 0.107204  0.059889  0.013368  0.819539 
 0.825190  0.156298  0.005760  0.012752 
 0.966213  0.019132  0.005966  0.008690 
 0.993558  0.001517  0.000351  0.004574 
 0.004090  0.868167  0.001129  0.126614 
 0.981019  0.006270  0.006557  0.006154 
 0.612929  0.116427  0.070505  0.200139 

MOTIF ARCH972_Sox5 
letter-probability matrix: alength= 4 w= 12 nsites= 100 E= 0
 0.001000  0.048000  0.070000  0.881000 
 0.127000  0.001000  0.293000  0.579000 
 0.001000  0.238000  0.052000  0.709000 
 0.997000  0.001000  0.001000  0.001000 
 0.238000  0.001000  0.001000  0.760000 
 0.001000  0.001000  0.001000  0.997000 
 0.001000  0.001000  0.997000  0.001000 
 0.001000  0.001000  0.001000  0.997000 
 0.180000  0.001000  0.001000  0.818000 
 0.001000  0.001000  0.238000  0.760000 
 0.085000  0.754000  0.160000  0.001000 
 0.001000  0.773000  0.001000  0.225000 

MOTIF ARCH470_Snai2 
letter-probability matrix: alength= 4 w= 8 nsites= 100 E= 0
 0.285402  0.150799  0.503764  0.060035 
 0.014359  0.961882  0.007167  0.016593 
 0.970514  0.015292  0.007167  0.007027 
 0.005732  0.956306  0.025541  0.012420 
 0.009687  0.949139  0.014563  0.026610 
 0.013769  0.010318  0.008364  0.967550 
 0.018957  0.014451  0.953311  0.013281 
 0.065437  0.565360  0.028792  0.340410 

MOTIF ARCH146_Alx3/Alx4/Alx1_Barx... 
letter-probability matrix: alength= 4 w= 9 nsites= 100 E= 0
 0.192688  0.001502  0.008516  0.797294 
 0.037574  0.011020  0.939884  0.011522 
 0.988480  0.003506  0.003506  0.004508 
 0.020532  0.019538  0.019538  0.940392 
 0.091128  0.005510  0.283106  0.620256 
 0.186692  0.016532  0.510761  0.286015 
 0.986476  0.002504  0.008516  0.002504 
 0.027534  0.035570  0.015530  0.921366 
 0.080654  0.054044  0.565531  0.299771 

MOTIF ARCH729_Hsf1/Hsf2/Hsf4/Hsf3 
letter-probability matrix: alength= 4 w= 17 nsites= 100 E= 0
 0.135462  0.136231  0.093308  0.635000 
 0.060071  0.068571  0.052357  0.819000 
 0.068709  0.765731  0.072852  0.092708 
 0.055004  0.230415  0.071871  0.642710 
 0.655733  0.032467  0.290067  0.021733 
 0.002867  0.009400  0.982200  0.005533 
 0.901000  0.052333  0.011267  0.035400 
 0.841933  0.019333  0.076067  0.062667 
 0.150630  0.252651  0.378409  0.218310 
 0.207342  0.349832  0.287979  0.154846 
 0.079143  0.048143  0.027000  0.845714 
 0.028214  0.020786  0.023357  0.927643 
 0.009929  0.946714  0.014429  0.028929 
 0.042750  0.316417  0.063333  0.577500 
 0.509168  0.129272  0.213869  0.147691 
 0.042000  0.136000  0.690000  0.132000 
 0.550000  0.175000  0.170000  0.105000 

MOTIF ARCH1170_/Sox4/Sox11_Sox13/... 
letter-probability matrix: alength= 4 w= 7 nsites= 100 E= 0
 0.032000  0.806000  0.092000  0.070000 
 0.040000  0.800000  0.004000  0.156000 
 0.888000  0.016000  0.004000  0.092000 
 0.004000  0.020000  0.010000  0.966000 
 0.008000  0.118000  0.112000  0.762000 
 0.022500  0.066500  0.620500  0.290500 
 0.028500  0.022500  0.014500  0.934500 

MOTIF ARCH1526_Mybl2/Myb/Mybl1 
letter-probability matrix: alength= 4 w= 8 nsites= 100 E= 0
 0.138000  0.560000  0.008000  0.294000 
 0.983000  0.014000  0.001000  0.002000 
 0.795000  0.060000  0.093000  0.052000 
 0.003000  0.994000  0.003000  0.000000 
 0.113000  0.106000  0.208000  0.573000 
 0.003000  0.011000  0.976000  0.010000 
 0.141000  0.496000  0.009000  0.354000 
 0.148000  0.598000  0.011000  0.243000 

MOTIF ARCH273_HOXD3 
letter-probability matrix: alength= 4 w= 12 nsites= 100 E= 0
 0.571000  0.056000  0.261000  0.112000 
 0.252000  0.060000  0.195000  0.493000 
 0.207000  0.113000  0.523000  0.157000 
 0.220000  0.112000  0.640000  0.028000 
 0.113000  0.056000  0.689000  0.142000 
 0.028000  0.196000  0.001000  0.775000 
 0.272000  0.559000  0.112000  0.057000 
 0.746000  0.085000  0.085000  0.084000 
 0.059000  0.001000  0.001000  0.939000 
 0.001000  0.001000  0.001000  0.997000 
 0.807000  0.001000  0.083000  0.109000 
 0.183000  0.001000  0.788000  0.028000 

MOTIF ARCH1267_Runx3/Runx2/Runx1 
letter-probability matrix: alength= 4 w= 19 nsites= 100 E= 0
 0.486059  0.085922  0.008251  0.419768 
 0.724581  0.049727  0.140113  0.085579 
 0.956095  0.015639  0.021521  0.006745 
 0.009286  0.988884  0.000191  0.001639 
 0.030957  0.962039  0.005772  0.001232 
 0.732571  0.024039  0.223568  0.019823 
 0.000801  0.997301  0.001619  0.000279 
 0.642480  0.061265  0.265089  0.031166 
 0.685924  0.101078  0.158891  0.054107 
 0.805958  0.005031  0.008124  0.180887 
 0.966854  0.004114  0.006158  0.022875 
 0.982813  0.009000  0.007678  0.000508 
 0.017277  0.965680  0.016599  0.000444 
 0.002216  0.996924  0.000287  0.000573 
 0.863533  0.017496  0.099206  0.019765 
 0.002451  0.980481  0.000287  0.016781 
 0.458755  0.006795  0.528506  0.005944 
 0.741490  0.072181  0.128636  0.057694 
 0.505860  0.149654  0.209036  0.135451 

MOTIF ARCH273_HOXD3 
letter-probability matrix: alength= 4 w= 12 nsites= 100 E= 0
 0.571000  0.056000  0.261000  0.112000 
 0.252000  0.060000  0.195000  0.493000 
 0.207000  0.113000  0.523000  0.157000 
 0.220000  0.112000  0.640000  0.028000 
 0.113000  0.056000  0.689000  0.142000 
 0.028000  0.196000  0.001000  0.775000 
 0.272000  0.559000  0.112000  0.057000 
 0.746000  0.085000  0.085000  0.084000 
 0.059000  0.001000  0.001000  0.939000 
 0.001000  0.001000  0.001000  0.997000 
 0.807000  0.001000  0.083000  0.109000 
 0.183000  0.001000  0.788000  0.028000 

MOTIF ARCH273_HOXD3 
letter-probability matrix: alength= 4 w= 12 nsites= 100 E= 0
 0.571000  0.056000  0.261000  0.112000 
 0.252000  0.060000  0.195000  0.493000 
 0.207000  0.113000  0.523000  0.157000 
 0.220000  0.112000  0.640000  0.028000 
 0.113000  0.056000  0.689000  0.142000 
 0.028000  0.196000  0.001000  0.775000 
 0.272000  0.559000  0.112000  0.057000 
 0.746000  0.085000  0.085000  0.084000 
 0.059000  0.001000  0.001000  0.939000 
 0.001000  0.001000  0.001000  0.997000 
 0.807000  0.001000  0.083000  0.109000 
 0.183000  0.001000  0.788000  0.028000 

MOTIF ARCH1362_Six1/_Six4/Six5 
letter-probability matrix: alength= 4 w= 13 nsites= 100 E= 0
 0.176511  0.019857  0.204720  0.598912 
 0.024129  0.008725  0.944302  0.022843 
 0.502166  0.040571  0.057613  0.399650 
 0.880941  0.077523  0.008503  0.033033 
 0.986068  0.004910  0.004657  0.004365 
 0.051379  0.586910  0.051144  0.310568 
 0.215507  0.483805  0.060846  0.239842 
 0.093090  0.095659  0.054738  0.756513 
 0.085170  0.015004  0.869263  0.030563 
 0.985096  0.004010  0.004788  0.006106 
 0.079048  0.181242  0.311747  0.427962 
 0.462940  0.405431  0.047318  0.084311 
 0.149891  0.550447  0.074618  0.225044 

MOTIF ARCH1362_Six1/_Six4/Six5 
letter-probability matrix: alength= 4 w= 13 nsites= 100 E= 0
 0.176511  0.019857  0.204720  0.598912 
 0.024129  0.008725  0.944302  0.022843 
 0.502166  0.040571  0.057613  0.399650 
 0.880941  0.077523  0.008503  0.033033 
 0.986068  0.004910  0.004657  0.004365 
 0.051379  0.586910  0.051144  0.310568 
 0.215507  0.483805  0.060846  0.239842 
 0.093090  0.095659  0.054738  0.756513 
 0.085170  0.015004  0.869263  0.030563 
 0.985096  0.004010  0.004788  0.006106 
 0.079048  0.181242  0.311747  0.427962 
 0.462940  0.405431  0.047318  0.084311 
 0.149891  0.550447  0.074618  0.225044 

MOTIF ARCH964_Foxc2/Foxc1_Foxg1/G... 
letter-probability matrix: alength= 4 w= 17 nsites= 100 E= 0
 0.574887  0.036475  0.336669  0.051969 
 0.013397  0.001191  0.000000  0.985412 
 0.067093  0.001420  0.931487  0.000000 
 0.000000  0.007076  0.000000  0.992924 
 0.015009  0.000000  0.305520  0.679471 
 0.001636  0.000000  0.200795  0.797569 
 0.992308  0.003846  0.000000  0.003846 
 0.002423  0.974960  0.002827  0.019790 
 0.209382  0.000458  0.790160  0.000000 
 0.013452  0.015826  0.951335  0.019387 
 0.134164  0.003177  0.002688  0.859971 
 0.860733  0.139267  0.000000  0.000000 
 0.986784  0.010505  0.000000  0.002711 
 0.960014  0.000000  0.012538  0.027448 
 0.007615  0.977555  0.001202  0.013627 
 0.945337  0.039289  0.001708  0.013666 
 0.820461  0.056233  0.033537  0.089770 

MOTIF ARCH1504_Meis3/Meis2/Meis1_... 
letter-probability matrix: alength= 4 w= 11 nsites= 100 E= 0
 0.250000  0.166667  0.000000  0.583333 
 0.333333  0.250000  0.083333  0.333333 
 0.230769  0.307692  0.230769  0.230769 
 0.066667  0.000000  0.000000  0.933333 
 0.000000  0.000000  1.000000  0.000000 
 1.000000  0.000000  0.000000  0.000000 
 0.000000  1.000000  0.000000  0.000000 
 1.000000  0.000000  0.000000  0.000000 
 0.200000  0.100000  0.700000  0.000000 
 0.000000  0.666667  0.222222  0.111111 
 0.125000  0.000000  0.000000  0.875000 

MOTIF ARCH768_Meis3/Meis2/Meis1_P... 
letter-probability matrix: alength= 4 w= 17 nsites= 100 E= 0
 0.016347  0.023454  0.009240  0.950959 
 0.005185  0.002963  0.991111  0.000741 
 0.895582  0.003347  0.027443  0.073628 
 0.006627  0.985272  0.002946  0.005155 
 0.877953  0.005249  0.095144  0.021654 
 0.125623  0.075274  0.666999  0.132104 
 0.191330  0.284753  0.257848  0.266069 
 0.204936  0.175767  0.161556  0.457741 
 0.192825  0.279522  0.369208  0.158445 
 0.412865  0.133134  0.255797  0.198205 
 0.326851  0.228871  0.260284  0.183994 
 0.273543  0.284753  0.141256  0.300448 
 0.020098  0.242803  0.010320  0.726779 
 0.007267  0.003634  0.972384  0.016715 
 0.174040  0.028522  0.018626  0.778813 
 0.014758  0.940267  0.021082  0.023893 
 0.939607  0.015449  0.021067  0.023876 

MOTIF ARCH1362_Six1/_Six4/Six5 
letter-probability matrix: alength= 4 w= 13 nsites= 100 E= 0
 0.176511  0.019857  0.204720  0.598912 
 0.024129  0.008725  0.944302  0.022843 
 0.502166  0.040571  0.057613  0.399650 
 0.880941  0.077523  0.008503  0.033033 
 0.986068  0.004910  0.004657  0.004365 
 0.051379  0.586910  0.051144  0.310568 
 0.215507  0.483805  0.060846  0.239842 
 0.093090  0.095659  0.054738  0.756513 
 0.085170  0.015004  0.869263  0.030563 
 0.985096  0.004010  0.004788  0.006106 
 0.079048  0.181242  0.311747  0.427962 
 0.462940  0.405431  0.047318  0.084311 
 0.149891  0.550447  0.074618  0.225044 

MOTIF Nvec_vc1.1_XM_001626717.3_T-box.HG1.4:like:EOMES/TBR1/TBX19/TBX21/TBXT_homer Nvec_vc1.1_XM_001626717.3
letter-probability matrix: alength= 4 w= 10 nsites= 6247 E= 0
 0.996000  0.001000  0.002000  0.001000 
 0.001000  0.001000  0.997000  0.001000 
 0.001000  0.001000  0.997000  0.001000 
 0.001000  0.001000  0.001000  0.997000 
 0.001000  0.001000  0.997000  0.001000 
 0.009000  0.001000  0.001000  0.989000 
 0.020000  0.465000  0.151000  0.364000 
 0.397000  0.167000  0.273000  0.163000 
 0.287000  0.229000  0.253000  0.232000 
 0.240000  0.052000  0.315000  0.393000 

MOTIF ARCH755_Hth__TBX15 
letter-probability matrix: alength= 4 w= 9 nsites= 100 E= 0
 0.015500  0.029500  0.039500  0.915500 
 0.027000  0.499500  0.425000  0.048500 
 0.048500  0.031000  0.017000  0.903500 
 0.041000  0.805000  0.075000  0.079000 
 0.926000  0.026500  0.020500  0.027000 
 0.033500  0.886000  0.042000  0.038500 
 0.980500  0.003000  0.015500  0.001000 
 0.033500  0.023000  0.910500  0.033000 
 0.039000  0.867500  0.021500  0.072000 

MOTIF Nvec_vc1.1_XM_001627049.3_HLH.HG1.19:HELT_streme Nvec_vc1.1_XM_001627049.3
letter-probability matrix: alength= 4 w= 18 nsites= 7173 E= 1.9e-135
 0.369586  0.184283  0.225221  0.220909 
 0.323009  0.243187  0.224771  0.209033 
 0.375848  0.193160  0.133749  0.297243 
 0.311288  0.106727  0.387956  0.194029 
 0.344379  0.041857  0.600395  0.013368 
 0.024259  0.010974  0.065307  0.899460 
 0.000006  0.999983  0.000006  0.000006 
 0.999211  0.000006  0.000778  0.000006 
 0.000006  0.999983  0.000006  0.000006 
 0.000006  0.000006  0.999983  0.000006 
 0.000006  0.000778  0.000006  0.999211 
 0.000006  0.000006  0.999983  0.000006 
 0.899460  0.065307  0.010974  0.024259 
 0.013368  0.600395  0.041857  0.344379 
 0.194029  0.387956  0.106727  0.311288 
 0.297243  0.133749  0.193160  0.375848 
 0.209033  0.224771  0.243187  0.323009 
 0.220909  0.225221  0.184283  0.369586 

MOTIF ARCH964_Foxc2/Foxc1_Foxg1/G... 
letter-probability matrix: alength= 4 w= 17 nsites= 100 E= 0
 0.574887  0.036475  0.336669  0.051969 
 0.013397  0.001191  0.000000  0.985412 
 0.067093  0.001420  0.931487  0.000000 
 0.000000  0.007076  0.000000  0.992924 
 0.015009  0.000000  0.305520  0.679471 
 0.001636  0.000000  0.200795  0.797569 
 0.992308  0.003846  0.000000  0.003846 
 0.002423  0.974960  0.002827  0.019790 
 0.209382  0.000458  0.790160  0.000000 
 0.013452  0.015826  0.951335  0.019387 
 0.134164  0.003177  0.002688  0.859971 
 0.860733  0.139267  0.000000  0.000000 
 0.986784  0.010505  0.000000  0.002711 
 0.960014  0.000000  0.012538  0.027448 
 0.007615  0.977555  0.001202  0.013627 
 0.945337  0.039289  0.001708  0.013666 
 0.820461  0.056233  0.033537  0.089770 

MOTIF ARCH862_Tbx18/Tbx22/Tbx15_T... 
letter-probability matrix: alength= 4 w= 12 nsites= 100 E= 0
 0.276553  0.096192  0.484970  0.142285 
 0.030060  0.264529  0.615230  0.090180 
 0.064128  0.104208  0.022044  0.809619 
 0.028056  0.012024  0.955912  0.004008 
 0.236473  0.362725  0.136273  0.264529 
 0.044088  0.012024  0.060120  0.883768 
 0.028056  0.006012  0.961924  0.004008 
 0.929860  0.042084  0.026052  0.002004 
 0.126253  0.783567  0.070140  0.020040 
 0.935872  0.002004  0.018036  0.044088 
 0.140281  0.020040  0.745491  0.094188 
 0.108216  0.336673  0.460922  0.094188 

MOTIF ARCH419_Yy1 
letter-probability matrix: alength= 4 w= 15 nsites= 100 E= 0
 0.124604  0.208481  0.551018  0.115897 
 0.141820  0.349307  0.334078  0.174796 
 0.160324  0.351500  0.377575  0.110601 
 0.075337  0.050398  0.754994  0.119271 
 0.064807  0.744682  0.103726  0.086786 
 0.137717  0.647104  0.171995  0.043184 
 0.028267  0.001159  0.935462  0.035112 
 0.006675  0.989689  0.001431  0.002205 
 0.001504  0.997267  0.000134  0.001095 
 0.992623  0.004953  0.001790  0.000634 
 0.000818  0.000687  0.000717  0.997778 
 0.051238  0.464017  0.217837  0.266908 
 0.060966  0.033707  0.046757  0.858571 
 0.003270  0.094192  0.010548  0.891991 
 0.099808  0.099604  0.608126  0.192462 

MOTIF ARCH482_/Lef1/Tcf7l1/Tcf7 
letter-probability matrix: alength= 4 w= 9 nsites= 100 E= 0
 0.111380  0.148441  0.716052  0.024127 
 0.015085  0.939686  0.029157  0.016072 
 0.966813  0.005024  0.014078  0.014085 
 0.015091  0.153314  0.809475  0.022121 
 0.055284  0.621769  0.312899  0.010048 
 0.048272  0.003018  0.004024  0.944686 
 0.002012  0.010042  0.965855  0.022091 
 0.044254  0.138320  0.392382  0.425044 
 0.062278  0.262821  0.511588  0.163314 

MOTIF ARCH637_Six1/_Six3/Six6_Six... 
letter-probability matrix: alength= 4 w= 7 nsites= 100 E= 0
 0.065096  0.370174  0.069641  0.495089 
 0.091832  0.057480  0.755897  0.094790 
 0.791027  0.044807  0.059873  0.104294 
 0.012486  0.142708  0.026749  0.818057 
 0.847640  0.079066  0.064346  0.008948 
 0.022965  0.629740  0.149546  0.197749 
 0.109425  0.237153  0.556160  0.097261 

MOTIF ARCH829_PB0121.1_Foxj3_2 
letter-probability matrix: alength= 4 w= 8 nsites= 100 E= 0
 0.001000  0.997000  0.001000  0.001000 
 0.976000  0.001000  0.022000  0.001000 
 0.569000  0.001000  0.001000  0.429000 
 0.997000  0.001000  0.001000  0.001000 
 0.997000  0.001000  0.001000  0.001000 
 0.001000  0.997000  0.001000  0.001000 
 0.997000  0.001000  0.001000  0.001000 
 0.530000  0.468000  0.001000  0.001000 

MOTIF ARCH1058_Pdp1 
letter-probability matrix: alength= 4 w= 10 nsites= 100 E= 0
 0.280000  0.001000  0.001000  0.718000 
 0.064000  0.001000  0.868000  0.067000 
 0.056000  0.942000  0.001000  0.001000 
 0.901000  0.097000  0.001000  0.001000 
 0.001000  0.059000  0.001000  0.939000 
 0.828000  0.090000  0.001000  0.081000 
 0.997000  0.001000  0.001000  0.001000 
 0.046000  0.001000  0.001000  0.952000 
 0.955000  0.001000  0.001000  0.043000 
 0.038000  0.001000  0.960000  0.001000 

MOTIF ARCH968_Foxa3/Foxa1/Foxa2_F... 
letter-probability matrix: alength= 4 w= 8 nsites= 100 E= 0
 0.564948  0.059471  0.352183  0.023398 
 0.107204  0.059889  0.013368  0.819539 
 0.825190  0.156298  0.005760  0.012752 
 0.966213  0.019132  0.005966  0.008690 
 0.993558  0.001517  0.000351  0.004574 
 0.004090  0.868167  0.001129  0.126614 
 0.981019  0.006270  0.006557  0.006154 
 0.612929  0.116427  0.070505  0.200139 

MOTIF ARCH1201_Gfi1b/Gfi1 
letter-probability matrix: alength= 4 w= 7 nsites= 100 E= 0
 0.924102  0.025299  0.025299  0.025299 
 0.999426  0.000191  0.000191  0.000191 
 0.999426  0.000191  0.000191  0.000191 
 0.000191  0.000191  0.000191  0.999426 
 0.000191  0.999426  0.000191  0.000191 
 0.298366  0.000191  0.000191  0.701252 
 0.024634  0.273895  0.676837  0.024634 

MOTIF ARCH76_CES-1__PB0171.1_Sox18_2 
letter-probability matrix: alength= 4 w= 6 nsites= 100 E= 0
 0.738500  0.065000  0.022000  0.174500 
 0.936500  0.011000  0.027000  0.025500 
 0.997000  0.001000  0.001000  0.001000 
 0.001000  0.051500  0.001000  0.946500 
 0.009500  0.119500  0.021000  0.850000 
 0.069465  0.675162  0.179410  0.075962 

MOTIF ARCH1256_Yy1 
letter-probability matrix: alength= 4 w= 12 nsites= 100 E= 0
 0.125743  0.080383  0.530481  0.263394 
 0.134360  0.580267  0.139109  0.146263 
 0.083983  0.673412  0.209000  0.033604 
 0.039911  0.006073  0.886406  0.067610 
 0.019108  0.978265  0.001677  0.000949 
 0.005848  0.993791  0.000167  0.000195 
 0.997453  0.002039  0.000324  0.000183 
 0.009015  0.000172  0.000167  0.990646 
 0.144011  0.250445  0.119422  0.486121 
 0.129742  0.026713  0.075176  0.768369 
 0.035312  0.101847  0.022163  0.840679 
 0.119378  0.073333  0.556505  0.250783 

MOTIF ARCH144_BHLHE23 
letter-probability matrix: alength= 4 w= 10 nsites= 100 E= 0
 0.748000  0.132000  0.075000  0.045000 
 0.771000  0.059000  0.108000  0.062000 
 0.035000  0.060000  0.086000  0.819000 
 0.058000  0.815000  0.078000  0.049000 
 0.742000  0.072000  0.088000  0.098000 
 0.088000  0.055000  0.033000  0.824000 
 0.814000  0.044000  0.078000  0.064000 
 0.056000  0.093000  0.076000  0.775000 
 0.050000  0.038000  0.876000  0.036000 
 0.824000  0.074000  0.051000  0.051000 

MOTIF ARCH867_ZEB1__PL0011.1_hlh-... 
letter-probability matrix: alength= 4 w= 7 nsites= 100 E= 0
 0.404500  0.178000  0.402000  0.015500 
 0.005500  0.992500  0.001000  0.001000 
 0.997000  0.001000  0.001000  0.001000 
 0.001000  0.005000  0.993000  0.001000 
 0.001000  0.001000  0.996500  0.001500 
 0.001000  0.001000  0.001000  0.997000 
 0.235000  0.001000  0.763000  0.001000 

MOTIF ARCH144_BHLHE23 
letter-probability matrix: alength= 4 w= 10 nsites= 100 E= 0
 0.748000  0.132000  0.075000  0.045000 
 0.771000  0.059000  0.108000  0.062000 
 0.035000  0.060000  0.086000  0.819000 
 0.058000  0.815000  0.078000  0.049000 
 0.742000  0.072000  0.088000  0.098000 
 0.088000  0.055000  0.033000  0.824000 
 0.814000  0.044000  0.078000  0.064000 
 0.056000  0.093000  0.076000  0.775000 
 0.050000  0.038000  0.876000  0.036000 
 0.824000  0.074000  0.051000  0.051000 

MOTIF ARCH975_Foxd2/Foxd4/Foxd3/F... 
letter-probability matrix: alength= 4 w= 13 nsites= 100 E= 0
 0.246235  0.013303  0.735790  0.004672 
 0.062708  0.087821  0.018509  0.830963 
 0.913731  0.035868  0.007772  0.042629 
 0.934329  0.012171  0.012263  0.041236 
 0.972519  0.012079  0.006545  0.008857 
 0.011800  0.832302  0.006764  0.149134 
 0.952541  0.000846  0.037673  0.008940 
 0.315462  0.026634  0.017700  0.640204 
 0.746499  0.185606  0.010960  0.056935 
 0.886016  0.056815  0.013721  0.043448 
 0.939209  0.014471  0.041013  0.005306 
 0.063195  0.839764  0.015917  0.081124 
 0.955899  0.007365  0.026501  0.010235 

MOTIF ARCH1544_Nkx2-2/Nkx2-9 
letter-probability matrix: alength= 4 w= 9 nsites= 100 E= 0
 0.024510  0.200980  0.200980  0.573529 
 0.000000  0.000000  0.000000  1.000000 
 0.000000  0.774510  0.225490  0.000000 
 0.950980  0.000000  0.049020  0.000000 
 1.000000  0.000000  0.000000  0.000000 
 0.000000  0.000000  1.000000  0.000000 
 0.000000  0.000000  0.598039  0.401961 
 0.598039  0.000000  0.401961  0.000000 
 0.024510  0.573529  0.200980  0.200980 

MOTIF ARCH873_Pax5/Pax8/Pax2 
letter-probability matrix: alength= 4 w= 19 nsites= 100 E= 0
 0.104098  0.106735  0.095806  0.693360 
 0.130001  0.026645  0.057207  0.786147 
 0.041511  0.525751  0.020671  0.412068 
 0.703255  0.235622  0.030767  0.030356 
 0.027192  0.785480  0.018241  0.169087 
 0.104486  0.023762  0.855001  0.016751 
 0.008179  0.875101  0.105940  0.010780 
 0.443451  0.074622  0.021322  0.460605 
 0.015677  0.061486  0.010172  0.912666 
 0.013883  0.300893  0.673264  0.011961 
 0.811180  0.006474  0.165165  0.017181 
 0.202822  0.348872  0.292374  0.155932 
 0.030735  0.097298  0.026109  0.845859 
 0.097359  0.001067  0.724198  0.177376 
 0.353160  0.536473  0.107725  0.002641 
 0.558096  0.075368  0.274065  0.092471 
 0.008505  0.766624  0.007385  0.217486 
 0.544496  0.155790  0.087974  0.211739 
 0.154296  0.505901  0.161128  0.178675 

MOTIF ARCH923_Zfp239//Zfp942/Zfp9... 
letter-probability matrix: alength= 4 w= 19 nsites= 100 E= 0
 0.058441  0.843531  0.018801  0.079228 
 0.377407  0.137407  0.120890  0.364295 
 0.043419  0.075890  0.833463  0.047228 
 0.617227  0.012374  0.350216  0.020183 
 0.103654  0.031992  0.859194  0.005160 
 0.016778  0.591531  0.047228  0.344463 
 0.007374  0.979306  0.000351  0.012969 
 0.740475  0.079508  0.112767  0.067250 
 0.153363  0.276801  0.297318  0.272520 
 0.175026  0.205284  0.427026  0.192665 
 0.087037  0.177261  0.147554  0.588149 
 0.426452  0.020351  0.448688  0.104508 
 0.092823  0.074801  0.792362  0.040014 
 0.202048  0.056374  0.470654  0.270924 
 0.140980  0.089845  0.439025  0.330149 
 0.149172  0.118531  0.276396  0.455902 
 0.386576  0.088464  0.434261  0.090699 
 0.091441  0.723419  0.081868  0.103272 
 0.187857  0.154599  0.121508  0.536037 

MOTIF ARCH1345_Gfi1b/Gfi1 
letter-probability matrix: alength= 4 w= 19 nsites= 100 E= 0
 0.602895  0.264873  0.084504  0.047728 
 0.982140  0.013372  0.001037  0.003450 
 0.986350  0.007426  0.005171  0.001053 
 0.013364  0.085611  0.018281  0.882744 
 0.001750  0.994685  0.001565  0.002000 
 0.668767  0.012178  0.005715  0.313340 
 0.061952  0.672685  0.261735  0.003628 
 0.453306  0.018178  0.110644  0.417872 
 0.083440  0.019162  0.869155  0.028243 
 0.082322  0.769270  0.019137  0.129271 
 0.527979  0.127127  0.140156  0.204737 
 0.199663  0.363328  0.129280  0.307728 
 0.148520  0.312713  0.212095  0.326672 
 0.067695  0.424180  0.160923  0.347203 
 0.033380  0.799326  0.108631  0.058663 
 0.893118  0.018474  0.022418  0.065989 
 0.088788  0.688804  0.049474  0.172934 
 0.094753  0.011685  0.009284  0.884278 
 0.195385  0.529930  0.125765  0.148921 

MOTIF ARCH746_bZIP18__MYF5 
letter-probability matrix: alength= 4 w= 8 nsites= 100 E= 0
 0.169000  0.077000  0.500000  0.254000 
 0.406797  0.375812  0.070465  0.146927 
 0.049000  0.864500  0.018500  0.068000 
 0.885500  0.001000  0.074000  0.039500 
 0.087500  0.124500  0.781500  0.006500 
 0.095000  0.735500  0.072500  0.097000 
 0.111056  0.135568  0.257129  0.496248 
 0.178589  0.108054  0.576788  0.136568 

MOTIF ARCH1003_Foxa3/Foxa1/Foxa2_... 
letter-probability matrix: alength= 4 w= 12 nsites= 100 E= 0
 0.038194  0.010417  0.010417  0.940972 
 0.607639  0.010417  0.357639  0.024306 
 0.013889  0.027778  0.041667  0.916667 
 0.027778  0.013889  0.027778  0.930556 
 0.041667  0.013889  0.027778  0.916667 
 0.694444  0.013889  0.250000  0.041667 
 0.062500  0.784722  0.034722  0.118056 
 0.677083  0.121528  0.079861  0.121528 
 0.538194  0.177083  0.052083  0.232639 
 0.878472  0.031250  0.017361  0.072917 
 0.795139  0.045139  0.045139  0.114583 
 0.125000  0.069444  0.722222  0.083333 

MOTIF ARCH804_PB0207.1_Zic3_2 
letter-probability matrix: alength= 4 w= 10 nsites= 100 E= 0
 0.059000  0.117000  0.689000  0.135000 
 0.085000  0.058000  0.056000  0.801000 
 0.061000  0.794000  0.103000  0.042000 
 0.765000  0.070000  0.110000  0.055000 
 0.043000  0.099000  0.049000  0.809000 
 0.048000  0.024000  0.869000  0.059000 
 0.038000  0.833000  0.086000  0.043000 
 0.058000  0.054000  0.079000  0.809000 
