MEME version 5

ALPHABET= ACGT

strands: + -

Background letter frequencies
A 0.250000 C 0.250000 G 0.250000 T 0.250000

MOTIF ARCH1_StBRC1 
letter-probability matrix: alength= 4 w= 6 nsites= 100 E= 0
 0.244000  0.001000  0.754000  0.001000 
 0.001000  0.001000  0.997000  0.001000 
 0.001000  0.001000  0.997000  0.001000 
 0.001000  0.551000  0.447000  0.001000 
 0.001000  0.766000  0.001000  0.232000 
 0.001000  0.997000  0.001000  0.001000 

MOTIF ARCH2_Zac1 
letter-probability matrix: alength= 4 w= 6 nsites= 100 E= 0
 0.001000  0.001000  0.997000  0.001000 
 0.146000  0.001000  0.852000  0.001000 
 0.001000  0.001000  0.997000  0.001000 
 0.001000  0.001000  0.862000  0.136000 
 0.001000  0.997000  0.001000  0.001000 
 0.749000  0.249000  0.001000  0.001000 

MOTIF ARCH3_PLAGL2 
letter-probability matrix: alength= 4 w= 8 nsites= 100 E= 0
 0.001000  0.001000  0.997000  0.001000 
 0.001000  0.001000  0.997000  0.001000 
 0.171000  0.001000  0.827000  0.001000 
 0.001000  0.001000  0.997000  0.001000 
 0.915000  0.083000  0.001000  0.001000 
 0.001000  0.997000  0.001000  0.001000 
 0.001000  0.997000  0.001000  0.001000 
 0.001000  0.997000  0.001000  0.001000 

MOTIF ARCH4_Klf1/Klf4/Klf2_Klf11_... 
letter-probability matrix: alength= 4 w= 24 nsites= 100 E= 0
 0.030306  0.654302  0.152491  0.162900 
 0.045459  0.710579  0.124537  0.119425 
 0.114435  0.657165  0.110999  0.117400 
 0.077033  0.464405  0.308462  0.150100 
 0.055643  0.351869  0.423655  0.168833 
 0.070187  0.631655  0.155199  0.142959 
 0.081880  0.579048  0.181773  0.157299 
 0.079555  0.647516  0.141144  0.131785 
 0.164247  0.524352  0.134699  0.176702 
 0.196504  0.201789  0.444183  0.157524 
 0.107025  0.211640  0.571656  0.109679 
 0.059506  0.785440  0.048791  0.106262 
 0.058838  0.720609  0.027845  0.192708 
 0.192981  0.773686  0.019640  0.013693 
 0.009041  0.954312  0.014726  0.021921 
 0.151237  0.023411  0.679458  0.145894 
 0.002435  0.966886  0.018625  0.012053 
 0.005314  0.974836  0.010045  0.009805 
 0.007468  0.877776  0.008383  0.106373 
 0.192685  0.578051  0.042554  0.186710 
 0.076347  0.494961  0.185157  0.243534 
 0.115397  0.396384  0.213728  0.274491 
 0.105967  0.460948  0.213634  0.219451 
 0.106736  0.529585  0.204012  0.159668 

MOTIF ARCH5_Egr3/Egr1_Klf5_Klf7_S... 
letter-probability matrix: alength= 4 w= 12 nsites= 100 E= 0
 0.106496  0.538624  0.157758  0.197123 
 0.149270  0.517657  0.121610  0.211463 
 0.262486  0.685729  0.028387  0.023398 
 0.027524  0.930848  0.004510  0.037118 
 0.154857  0.049686  0.700766  0.094691 
 0.000226  0.999321  0.000226  0.000226 
 0.000904  0.998192  0.000678  0.000226 
 0.010327  0.882329  0.010553  0.096790 
 0.388357  0.549198  0.027083  0.035362 
 0.011068  0.934080  0.009616  0.045236 
 0.167455  0.016199  0.656994  0.159352 
 0.003637  0.879812  0.089802  0.026748 

MOTIF ARCH6_Klf5_Klf7_Klf8 
letter-probability matrix: alength= 4 w= 14 nsites= 100 E= 0
 0.124248  0.078156  0.595190  0.202405 
 0.050100  0.853707  0.038076  0.058116 
 0.008016  0.943888  0.006012  0.042084 
 0.274549  0.609218  0.030060  0.086172 
 0.012024  0.943888  0.010020  0.034068 
 0.426854  0.002004  0.308617  0.262525 
 0.004008  0.977956  0.008016  0.010020 
 0.002004  0.991984  0.002004  0.004008 
 0.008016  0.947896  0.000000  0.044088 
 0.344689  0.170341  0.022044  0.462926 
 0.088176  0.290581  0.462926  0.158317 
 0.116232  0.543086  0.178357  0.162325 
 0.102204  0.551102  0.148297  0.198397 
 0.122244  0.661323  0.090180  0.126253 

MOTIF ARCH7_PB0097.1_Zfp281_1__VEZF1 
letter-probability matrix: alength= 4 w= 6 nsites= 100 E= 0
 0.214500  0.001000  0.743000  0.041500 
 0.103948  0.191904  0.659670  0.044478 
 0.054000  0.086500  0.858500  0.001000 
 0.058000  0.094000  0.747000  0.101000 
 0.103000  0.036500  0.711000  0.149500 
 0.001000  0.239500  0.758500  0.001000 

MOTIF ARCH8_Pax5/Pax8/Pax2 
letter-probability matrix: alength= 4 w= 10 nsites= 100 E= 0
 0.049478  0.460135  0.334127  0.156260 
 0.000443  0.000457  0.000195  0.998904 
 0.038476  0.639078  0.298875  0.023571 
 0.012799  0.933865  0.007763  0.045574 
 0.014569  0.952316  0.030232  0.002883 
 0.006428  0.992865  0.000009  0.000698 
 0.059225  0.233072  0.707225  0.000478 
 0.033175  0.058079  0.908504  0.000242 
 0.069424  0.383840  0.497814  0.048922 
 0.021410  0.883463  0.005662  0.089465 

MOTIF ARCH9_CTCFL 
letter-probability matrix: alength= 4 w= 8 nsites= 100 E= 0
 0.001000  0.997000  0.001000  0.001000 
 0.001000  0.619000  0.379000  0.001000 
 0.001000  0.001000  0.997000  0.001000 
 0.001000  0.001000  0.752000  0.246000 
 0.001000  0.094000  0.904000  0.001000 
 0.098000  0.149000  0.752000  0.001000 
 0.001000  0.001000  0.643000  0.355000 
 0.001000  0.997000  0.001000  0.001000 

MOTIF ARCH10_SHN3__ERF73__AT1G281... 
letter-probability matrix: alength= 4 w= 8 nsites= 100 E= 0
 0.024200  0.768000  0.153000  0.054800 
 0.062800  0.920000  0.011000  0.006200 
 0.001000  0.002000  0.985600  0.011400 
 0.001000  0.983800  0.014200  0.001000 
 0.003200  0.994800  0.001000  0.001000 
 0.014200  0.001000  0.983800  0.001000 
 0.008400  0.894000  0.001000  0.096600 
 0.073600  0.907800  0.001000  0.017600 

MOTIF ARCH11_/E2f4_E2f6_E2f8/E2f7 
letter-probability matrix: alength= 4 w= 11 nsites= 100 E= 0
 0.113372  0.366279  0.447674  0.072674 
 0.000000  0.021858  0.978142  0.000000 
 0.122294  0.193723  0.426407  0.257576 
 0.038278  0.105263  0.856459  0.000000 
 0.028269  0.632509  0.254417  0.084806 
 0.021858  0.000000  0.978142  0.000000 
 0.089552  0.667910  0.119403  0.123134 
 0.040000  0.065000  0.895000  0.000000 
 0.082677  0.704724  0.110236  0.102362 
 0.000000  0.021858  0.978142  0.000000 
 0.016760  0.709497  0.229050  0.044693 

MOTIF ARCH12_RBM4 
letter-probability matrix: alength= 4 w= 8 nsites= 100 E= 0
 0.001000  0.851000  0.001000  0.147000 
 0.001000  0.087000  0.911000  0.001000 
 0.001000  0.997000  0.001000  0.001000 
 0.001000  0.803000  0.195000  0.001000 
 0.001000  0.101000  0.897000  0.001000 
 0.001000  0.891000  0.107000  0.001000 
 0.001000  0.001000  0.997000  0.001000 
 0.001000  0.997000  0.001000  0.001000 

MOTIF ARCH13_Arid2_Arid3c/Arid3a/... 
letter-probability matrix: alength= 4 w= 6 nsites= 100 E= 0
 1.000000  0.000000  0.000000  0.000000 
 0.000000  0.000000  0.000000  1.000000 
 0.037037  0.333333  0.000000  0.629630 
 1.000000  0.000000  0.000000  0.000000 
 1.000000  0.000000  0.000000  0.000000 
 0.740741  0.000000  0.037037  0.222222 

MOTIF ARCH14_POL012.1_TATA-Box__K... 
letter-probability matrix: alength= 4 w= 6 nsites= 100 E= 0
 0.128500  0.001000  0.001000  0.869500 
 0.039500  0.001000  0.001000  0.958500 
 0.001000  0.001000  0.004000  0.994000 
 0.997000  0.001000  0.001000  0.001000 
 0.001000  0.001000  0.375500  0.622500 
 0.791000  0.128500  0.048500  0.032000 

MOTIF ARCH15_HNRNPC 
letter-probability matrix: alength= 4 w= 6 nsites= 100 E= 0
 0.700000  0.100000  0.100000  0.100000 
 0.100000  0.100000  0.100000  0.700000 
 0.100000  0.100000  0.100000  0.700000 
 0.100000  0.100000  0.100000  0.700000 
 0.100000  0.100000  0.100000  0.700000 
 0.100000  0.100000  0.100000  0.700000 

MOTIF ARCH16_REM19__TIAR-1 
letter-probability matrix: alength= 4 w= 6 nsites= 100 E= 0
 0.725000  0.161500  0.063000  0.050500 
 0.747000  0.124000  0.078500  0.050500 
 0.795000  0.062500  0.055000  0.087500 
 0.848500  0.050500  0.050500  0.050500 
 0.817500  0.055000  0.050500  0.077000 
 0.790500  0.059500  0.050500  0.099500 

MOTIF ARCH17_Alx3/Alx4/Alx1_Barx2... 
letter-probability matrix: alength= 4 w= 11 nsites= 100 E= 0
 0.547488  0.140988  0.134488  0.177036 
 0.551713  0.064697  0.103062  0.280528 
 0.764497  0.046774  0.079487  0.109243 
 0.736064  0.013779  0.079801  0.170356 
 0.805761  0.063108  0.051299  0.079832 
 0.022775  0.072423  0.017108  0.887694 
 0.810132  0.081108  0.018441  0.090319 
 0.131964  0.117449  0.030783  0.719804 
 0.817692  0.025783  0.089794  0.066732 
 0.142634  0.132404  0.067117  0.657845 
 0.560288  0.110501  0.115501  0.213710 

MOTIF ARCH18_Alx3/Alx4/Alx1_Barx2... 
letter-probability matrix: alength= 4 w= 11 nsites= 100 E= 0
 0.105243  0.200910  0.529648  0.164198 
 0.078975  0.497130  0.066464  0.357432 
 0.620939  0.104643  0.164650  0.109768 
 0.061549  0.081096  0.019485  0.837871 
 0.851059  0.033459  0.050054  0.065429 
 0.009959  0.069858  0.018959  0.901225 
 0.695662  0.019209  0.188823  0.096306 
 0.026348  0.078363  0.019459  0.875830 
 0.715947  0.053938  0.143912  0.086203 
 0.306489  0.061840  0.010851  0.620820 
 0.164150  0.112371  0.112371  0.611108 

MOTIF ARCH19_Mef2c/Mef2b/Mef2a/Mef2d 
letter-probability matrix: alength= 4 w= 10 nsites= 100 E= 0
 0.000000  0.750000  0.000000  0.250000 
 0.000000  0.084906  0.000000  0.915095 
 1.000000  0.000000  0.000000  0.000000 
 0.435534  0.000000  0.000000  0.564466 
 0.517296  0.000000  0.025157  0.457547 
 0.504717  0.000000  0.000000  0.495283 
 0.614780  0.000000  0.000000  0.385220 
 0.000000  0.000000  0.000000  1.000000 
 0.971698  0.000000  0.028302  0.000000 
 0.250000  0.000000  0.750000  0.000000 

MOTIF ARCH20_br-Z1__Ubx 
letter-probability matrix: alength= 4 w= 10 nsites= 100 E= 0
 0.356000  0.001000  0.001000  0.642000 
 0.029500  0.001000  0.058500  0.911000 
 0.813500  0.001000  0.184500  0.001000 
 0.001000  0.001000  0.958500  0.039500 
 0.001000  0.001000  0.015000  0.983000 
 0.971000  0.027000  0.001000  0.001000 
 0.001000  0.045000  0.013500  0.940500 
 0.058500  0.003500  0.079000  0.859000 
 0.921500  0.001000  0.001000  0.076500 
 0.004500  0.015500  0.040000  0.940000 

MOTIF ARCH21_Mael_Tox3/Tox/Tox2/Tox4 
letter-probability matrix: alength= 4 w= 11 nsites= 100 E= 0
 0.207907  0.017904  0.287599  0.486589 
 0.152629  0.047062  0.234184  0.566126 
 0.740496  0.038060  0.165260  0.056184 
 0.064908  0.047660  0.020660  0.866773 
 0.209199  0.206784  0.042784  0.541233 
 0.907820  0.035260  0.020660  0.036260 
 0.027750  0.056350  0.052750  0.863149 
 0.151427  0.046281  0.050281  0.752012 
 0.718957  0.094681  0.083431  0.102931 
 0.001000  0.117500  0.428500  0.453000 
 0.286500  0.065500  0.099500  0.548500 

MOTIF ARCH22_Alx3/Alx4/Alx1_Barx2... 
letter-probability matrix: alength= 4 w= 8 nsites= 100 E= 0
 0.971154  0.009615  0.009615  0.009615 
 0.009615  0.009615  0.009615  0.971154 
 0.971154  0.009615  0.009615  0.009615 
 0.971154  0.009615  0.009615  0.009615 
 0.009615  0.009615  0.009615  0.971154 
 0.009615  0.009615  0.009615  0.971154 
 0.971154  0.009615  0.009615  0.009615 
 0.009615  0.009615  0.009615  0.971154 

MOTIF ARCH23_ROX8__Unknown6 
letter-probability matrix: alength= 4 w= 6 nsites= 100 E= 0
 0.785000  0.044500  0.001000  0.169500 
 0.252500  0.001000  0.001000  0.745500 
 0.001000  0.001000  0.001000  0.997000 
 0.001000  0.004000  0.001000  0.994000 
 0.063468  0.144428  0.068466  0.723638 
 0.713000  0.080500  0.148500  0.058000 

MOTIF ARCH24_SOL1__TCX2 
letter-probability matrix: alength= 4 w= 7 nsites= 100 E= 0
 0.442000  0.012000  0.198000  0.348000 
 0.001000  0.008000  0.001000  0.990000 
 0.001500  0.001000  0.001000  0.996500 
 0.001000  0.408500  0.001000  0.589500 
 0.543500  0.008500  0.439500  0.008500 
 0.994500  0.001000  0.003500  0.001000 
 0.997000  0.001000  0.001000  0.001000 

MOTIF ARCH25_dof45__At4g38000__At... 
letter-probability matrix: alength= 4 w= 7 nsites= 100 E= 0
 0.730333  0.014667  0.118667  0.136333 
 0.569000  0.014667  0.019000  0.397333 
 0.997000  0.001000  0.001000  0.001000 
 0.997000  0.001000  0.001000  0.001000 
 0.994333  0.001000  0.001667  0.003000 
 0.005667  0.002000  0.990000  0.002333 
 0.149667  0.145333  0.138000  0.567000 

MOTIF ARCH26_Nkx3-2 
letter-probability matrix: alength= 4 w= 11 nsites= 100 E= 0
 0.444444  0.055556  0.055556  0.444444 
 0.611111  0.055556  0.055556  0.277778 
 0.052632  0.052632  0.000000  0.894737 
 0.947368  0.000000  0.000000  0.052632 
 0.947368  0.052632  0.000000  0.000000 
 0.000000  0.000000  0.947368  0.052632 
 0.000000  0.000000  0.000000  1.000000 
 0.894737  0.000000  0.105263  0.000000 
 0.157895  0.157895  0.000000  0.684211 
 0.526316  0.000000  0.157895  0.315789 
 0.210526  0.157895  0.105263  0.526316 

MOTIF ARCH27_At1g68670__LCL1 
letter-probability matrix: alength= 4 w= 9 nsites= 100 E= 0
 0.646000  0.043000  0.234000  0.077000 
 0.344500  0.024500  0.536000  0.095000 
 0.997000  0.001000  0.001000  0.001000 
 0.001000  0.001000  0.315500  0.682500 
 0.997000  0.001000  0.001000  0.001000 
 0.090500  0.001000  0.001000  0.907500 
 0.001000  0.001000  0.001000  0.997000 
 0.001000  0.499000  0.001000  0.499000 
 0.215000  0.194500  0.048000  0.542500 

MOTIF ARCH28_Dmrt2_Dmrtc2 
letter-probability matrix: alength= 4 w= 7 nsites= 100 E= 0
 0.765274  0.048025  0.048025  0.138675 
 0.999536  0.000155  0.000155  0.000155 
 0.000155  0.000155  0.000155  0.999536 
 0.129788  0.000155  0.489012  0.381045 
 0.000155  0.000155  0.000155  0.999536 
 0.908886  0.000155  0.000155  0.090805 
 0.091796  0.000155  0.000155  0.907895 

MOTIF ARCH29_Tbpl2/Tbp 
letter-probability matrix: alength= 4 w= 8 nsites= 100 E= 0
 0.063830  0.085106  0.191489  0.659574 
 0.723404  0.000000  0.127660  0.148936 
 0.000000  0.000000  0.000000  1.000000 
 1.000000  0.000000  0.000000  0.000000 
 1.000000  0.000000  0.000000  0.000000 
 0.851064  0.021277  0.085106  0.042553 
 0.063830  0.063830  0.127660  0.744681 
 0.446809  0.085106  0.085106  0.382979 

MOTIF ARCH30_AT2G31460 
letter-probability matrix: alength= 4 w= 8 nsites= 100 E= 0
 0.001000  0.001000  0.997000  0.001000 
 0.997000  0.001000  0.001000  0.001000 
 0.997000  0.001000  0.001000  0.001000 
 0.997000  0.001000  0.001000  0.001000 
 0.001000  0.001000  0.001000  0.997000 
 0.001000  0.001000  0.997000  0.001000 
 0.985000  0.013000  0.001000  0.001000 
 0.333000  0.086000  0.001000  0.580000 

MOTIF ARCH31_TCX3 
letter-probability matrix: alength= 4 w= 12 nsites= 100 E= 0
 0.001000  0.064000  0.045000  0.890000 
 0.112000  0.776000  0.030000  0.082000 
 0.769000  0.045000  0.049000  0.137000 
 0.840000  0.068000  0.024000  0.068000 
 0.042000  0.001000  0.056000  0.901000 
 0.013000  0.049000  0.041000  0.897000 
 0.063000  0.745000  0.076000  0.116000 
 0.845000  0.039000  0.089000  0.027000 
 0.113000  0.082000  0.057000  0.748000 
 0.776000  0.089000  0.049000  0.086000 
 0.073000  0.039000  0.024000  0.864000 
 0.024000  0.020000  0.001000  0.955000 

MOTIF ARCH32_Unknown 
letter-probability matrix: alength= 4 w= 9 nsites= 100 E= 0
 0.066000  0.372000  0.444000  0.118000 
 0.086000  0.628000  0.013000  0.273000 
 0.421000  0.346000  0.019000  0.213000 
 0.631000  0.030000  0.190000  0.149000 
 0.104000  0.014000  0.013000  0.869000 
 0.463000  0.005000  0.023000  0.509000 
 0.895000  0.020000  0.014000  0.071000 
 0.893000  0.044000  0.050000  0.013000 
 0.616000  0.113000  0.087000  0.184000 

MOTIF ARCH33_Hoxa1/Hoxb1/Hoxd1 
letter-probability matrix: alength= 4 w= 9 nsites= 100 E= 0
 0.126132  0.091681  0.134855  0.647333 
 0.023653  0.011298  0.024275  0.940775 
 0.033025  0.002660  0.002146  0.962169 
 0.105543  0.008353  0.010329  0.875775 
 0.944825  0.003754  0.004295  0.047127 
 0.005898  0.048513  0.017043  0.928546 
 0.032905  0.082757  0.306924  0.577413 
 0.560007  0.003453  0.419720  0.016820 
 0.035497  0.648389  0.131185  0.184930 

MOTIF ARCH34_EGL-5 
letter-probability matrix: alength= 4 w= 10 nsites= 100 E= 0
 0.605000  0.014000  0.216000  0.165000 
 0.225000  0.023000  0.057000  0.695000 
 0.053000  0.020000  0.083000  0.844000 
 0.104000  0.027000  0.105000  0.764000 
 0.654000  0.023000  0.095000  0.228000 
 0.837000  0.013000  0.015000  0.135000 
 0.016000  0.020000  0.022000  0.942000 
 0.018000  0.007000  0.852000  0.123000 
 0.154000  0.053000  0.702000  0.091000 
 0.034000  0.184000  0.659000  0.123000 

MOTIF ARCH35_Hoxa13__HOXB13__Hoxd13 
letter-probability matrix: alength= 4 w= 9 nsites= 100 E= 0
 0.051333  0.727333  0.193667  0.027667 
 0.029657  0.509164  0.003332  0.457847 
 0.407667  0.360667  0.001333  0.230333 
 0.779667  0.001333  0.174667  0.044333 
 0.006000  0.005667  0.002333  0.986000 
 0.771333  0.006000  0.134667  0.088000 
 0.988667  0.001000  0.001333  0.009000 
 0.993333  0.003000  0.002333  0.001333 
 0.672333  0.110000  0.080000  0.137667 

MOTIF ARCH36_Barx2/Barx1_Dlx4/Dlx... 
letter-probability matrix: alength= 4 w= 6 nsites= 100 E= 0
 0.184898  0.003485  0.009971  0.801646 
 0.889665  0.054899  0.038569  0.016867 
 0.883495  0.005228  0.004374  0.106903 
 0.059690  0.004686  0.011715  0.923909 
 0.035033  0.041999  0.086926  0.836042 
 0.515431  0.013893  0.256690  0.213986 

MOTIF ARCH37_Alx3/Alx4/Alx1_Barx2... 
letter-probability matrix: alength= 4 w= 7 nsites= 100 E= 0
 0.551600  0.212575  0.174190  0.061636 
 0.012766  0.012766  0.012766  0.961701 
 0.854545  0.097527  0.000256  0.047671 
 0.855138  0.046987  0.000256  0.097618 
 0.155075  0.012486  0.012486  0.819953 
 0.077313  0.069424  0.024294  0.828969 
 0.651045  0.036405  0.223126  0.089424 

MOTIF ARCH38_Alx3/Alx4/Alx1_Dlx4/... 
letter-probability matrix: alength= 4 w= 9 nsites= 100 E= 0
 0.112428  0.662216  0.112928  0.112428 
 0.712444  0.110713  0.114348  0.062495 
 0.025227  0.073444  0.025227  0.876102 
 0.901787  0.000629  0.000629  0.096955 
 0.950335  0.000629  0.000629  0.048406 
 0.048406  0.000629  0.000629  0.950335 
 0.080129  0.051836  0.000629  0.867406 
 0.846163  0.000629  0.105372  0.047836 
 0.113827  0.810553  0.013701  0.061919 

MOTIF ARCH39_Hlx 
letter-probability matrix: alength= 4 w= 13 nsites= 100 E= 0
 0.176471  0.235294  0.058824  0.529412 
 0.352941  0.058824  0.000000  0.588235 
 0.058824  0.176471  0.000000  0.764706 
 0.000000  0.000000  0.058824  0.941176 
 0.000000  0.000000  0.000000  1.000000 
 1.000000  0.000000  0.000000  0.000000 
 1.000000  0.000000  0.000000  0.000000 
 0.000000  0.000000  0.000000  1.000000 
 0.058824  0.000000  0.235294  0.705882 
 0.058824  0.000000  0.823529  0.117647 
 0.176471  0.117647  0.588235  0.117647 
 0.294118  0.058824  0.000000  0.647059 
 0.117647  0.058824  0.058824  0.764706 

MOTIF ARCH40_Emx1/Emx2_Gbx1/Gbx2_... 
letter-probability matrix: alength= 4 w= 9 nsites= 100 E= 0
 0.151212  0.096896  0.066511  0.685381 
 0.134922  0.048363  0.008336  0.808378 
 0.808444  0.000489  0.090595  0.100471 
 0.982994  0.000000  0.013593  0.003413 
 0.039263  0.021889  0.317068  0.621781 
 0.021918  0.165304  0.017820  0.794958 
 0.058419  0.013288  0.864286  0.064006 
 0.148098  0.263368  0.357968  0.230567 
 0.126773  0.177600  0.113744  0.581882 

MOTIF ARCH41_Alx3/Alx4/Alx1_Barx2... 
letter-probability matrix: alength= 4 w= 11 nsites= 100 E= 0
 0.000000  0.157895  0.526316  0.315789 
 0.105263  0.263158  0.157895  0.473684 
 0.157895  0.000000  0.000000  0.842105 
 0.842105  0.000000  0.105263  0.052632 
 1.000000  0.000000  0.000000  0.000000 
 0.000000  0.263158  0.000000  0.736842 
 0.157895  0.210526  0.263158  0.368421 
 0.368421  0.000000  0.315789  0.315789 
 0.157895  0.000000  0.105263  0.736842 
 0.052632  0.000000  0.368421  0.578947 
 0.000000  0.315789  0.052632  0.631579 

MOTIF ARCH42_Alx3/Alx4/Alx1_Barx2... 
letter-probability matrix: alength= 4 w= 10 nsites= 100 E= 0
 0.200000  0.120000  0.046667  0.633333 
 0.793333  0.080000  0.120000  0.006667 
 0.973333  0.020000  0.000000  0.006667 
 0.126667  0.100000  0.260000  0.513333 
 0.100000  0.006667  0.300000  0.593333 
 0.013333  0.053333  0.926667  0.006667 
 0.080000  0.286667  0.040000  0.593333 
 0.146667  0.160000  0.013333  0.680000 
 0.146667  0.106667  0.120000  0.626667 
 0.186667  0.173333  0.120000  0.520000 

MOTIF ARCH43_ATHB33 
letter-probability matrix: alength= 4 w= 8 nsites= 100 E= 0
 0.314000  0.094000  0.487000  0.105000 
 0.001000  0.162000  0.002000  0.835000 
 0.394000  0.223000  0.377000  0.006000 
 0.807000  0.097000  0.095000  0.001000 
 0.006000  0.001000  0.007000  0.986000 
 0.001000  0.031000  0.001000  0.967000 
 0.997000  0.001000  0.001000  0.001000 
 0.513000  0.031000  0.325000  0.131000 

MOTIF ARCH44_mab-5 
letter-probability matrix: alength= 4 w= 12 nsites= 100 E= 0
 0.001000  0.899000  0.099000  0.001000 
 0.058000  0.116000  0.627000  0.199000 
 0.997000  0.001000  0.001000  0.001000 
 0.001000  0.099000  0.001000  0.899000 
 0.445000  0.001000  0.001000  0.553000 
 0.997000  0.001000  0.001000  0.001000 
 0.997000  0.001000  0.001000  0.001000 
 0.001000  0.001000  0.001000  0.997000 
 0.001000  0.232000  0.199000  0.568000 
 0.668000  0.215000  0.116000  0.001000 
 0.090000  0.826000  0.083000  0.001000 
 0.997000  0.001000  0.001000  0.001000 

MOTIF ARCH45_Alx3/Alx4/Alx1_Barx2... 
letter-probability matrix: alength= 4 w= 10 nsites= 100 E= 0
 0.313215  0.567277  0.041850  0.077659 
 0.963962  0.005750  0.020318  0.009970 
 0.002750  0.000500  0.008532  0.988218 
 0.134803  0.376522  0.013750  0.474924 
 0.835500  0.043500  0.000500  0.120500 
 0.895500  0.023500  0.046000  0.035000 
 0.000500  0.000500  0.008250  0.990750 
 0.025250  0.881488  0.001250  0.092012 
 0.909780  0.000500  0.009970  0.079750 
 0.568415  0.073587  0.033864  0.324134 

MOTIF ARCH46_Pax5/Pax8/Pax2 
letter-probability matrix: alength= 4 w= 8 nsites= 100 E= 0
 0.290347  0.101116  0.507421  0.101116 
 0.147808  0.755127  0.048533  0.048533 
 0.226946  0.118673  0.128567  0.525813 
 0.692134  0.307374  0.000246  0.000246 
 0.999261  0.000246  0.000246  0.000246 
 0.027377  0.027377  0.027377  0.917868 
 0.053471  0.053471  0.053471  0.839587 
 0.768916  0.077028  0.077028  0.077028 

MOTIF ARCH47_ANL2 
letter-probability matrix: alength= 4 w= 10 nsites= 100 E= 0
 0.032000  0.931000  0.001000  0.036000 
 0.997000  0.001000  0.001000  0.001000 
 0.001000  0.001000  0.001000  0.997000 
 0.001000  0.001000  0.001000  0.997000 
 0.896000  0.001000  0.002000  0.101000 
 0.997000  0.001000  0.001000  0.001000 
 0.182000  0.008000  0.001000  0.809000 
 0.003000  0.001000  0.026000  0.970000 
 0.273000  0.005000  0.685000  0.037000 
 0.063000  0.797000  0.029000  0.111000 

MOTIF ARCH48_Hlx 
letter-probability matrix: alength= 4 w= 17 nsites= 100 E= 0
 0.660229  0.110265  0.137249  0.092257 
 0.175365  0.254478  0.126321  0.443835 
 0.292546  0.055120  0.095145  0.557189 
 0.592153  0.069157  0.238422  0.100269 
 0.959867  0.007024  0.018056  0.015052 
 0.042108  0.035048  0.122241  0.800602 
 0.050116  0.084153  0.531004  0.334727 
 0.301450  0.068124  0.416867  0.213558 
 0.143321  0.317598  0.416803  0.122277 
 0.339691  0.240530  0.139241  0.280538 
 0.436827  0.056104  0.087137  0.419932 
 0.342590  0.054104  0.056141  0.547165 
 0.262454  0.053100  0.044080  0.640365 
 0.120205  0.094169  0.047084  0.738542 
 0.599205  0.120265  0.240454  0.040076 
 0.967912  0.009036  0.012020  0.011032 
 0.121233  0.024036  0.079177  0.775554 

MOTIF ARCH49_ 
letter-probability matrix: alength= 4 w= 10 nsites= 100 E= 0
 0.133216  0.043320  0.048164  0.775301 
 0.921532  0.010614  0.041110  0.026743 
 0.995209  0.001468  0.001351  0.001973 
 0.004779  0.023545  0.006369  0.965307 
 0.001254  0.782609  0.111779  0.104358 
 0.374026  0.037691  0.585864  0.002419 
 0.790741  0.024383  0.181765  0.003111 
 0.002934  0.037747  0.001574  0.957745 
 0.009397  0.048045  0.014853  0.927705 
 0.764902  0.051738  0.042093  0.141267 

MOTIF ARCH50_Pax5/Pax8/Pax2 
letter-probability matrix: alength= 4 w= 10 nsites= 100 E= 0
 0.098566  0.033869  0.084928  0.782638 
 0.980828  0.004824  0.011523  0.002826 
 0.995542  0.002282  0.001708  0.000467 
 0.002269  0.006986  0.001407  0.989337 
 0.000808  0.363818  0.007270  0.628104 
 0.019588  0.015154  0.964479  0.000778 
 0.970936  0.005735  0.020740  0.002589 
 0.001589  0.002658  0.004137  0.991617 
 0.009025  0.015357  0.009707  0.965912 
 0.702142  0.101839  0.055949  0.140070 

MOTIF ARCH51_Pax5/Pax8/Pax2 
letter-probability matrix: alength= 4 w= 10 nsites= 100 E= 0
 0.027205  0.479362  0.169765  0.323667 
 0.078012  0.774061  0.016763  0.131164 
 0.915950  0.031260  0.036905  0.015885 
 0.994417  0.001861  0.000885  0.002837 
 0.000885  0.001010  0.000885  0.997221 
 0.461269  0.060392  0.033139  0.445199 
 0.996968  0.001011  0.001136  0.000886 
 0.028176  0.032375  0.020652  0.918797 
 0.074667  0.001333  0.059667  0.864333 
 0.187500  0.109500  0.582000  0.121000 

MOTIF ARCH52_Alx3/Alx4/Alx1_Barx2... 
letter-probability matrix: alength= 4 w= 10 nsites= 100 E= 0
 0.750000  0.166667  0.083333  0.000000 
 0.750000  0.000000  0.083333  0.166667 
 0.166667  0.166667  0.250000  0.416667 
 0.333333  0.000000  0.000000  0.666667 
 0.166667  0.000000  0.000000  0.833333 
 0.416667  0.000000  0.000000  0.583333 
 1.000000  0.000000  0.000000  0.000000 
 0.666667  0.000000  0.083333  0.250000 
 0.000000  0.000000  0.000000  1.000000 
 0.000000  0.083333  0.833333  0.083333 

MOTIF ARCH53_At1g76110 
letter-probability matrix: alength= 4 w= 8 nsites= 100 E= 0
 0.988000  0.001000  0.010000  0.001000 
 0.055000  0.001000  0.014000  0.930000 
 0.001000  0.001000  0.022000  0.976000 
 0.187000  0.011000  0.001000  0.801000 
 0.997000  0.001000  0.001000  0.001000 
 0.997000  0.001000  0.001000  0.001000 
 0.001000  0.001000  0.001000  0.997000 
 0.091000  0.124000  0.498000  0.287000 

MOTIF ARCH54_Alx3/Alx4/Alx1_Arid2... 
letter-probability matrix: alength= 4 w= 10 nsites= 100 E= 0
 0.174026  0.136105  0.177988  0.511881 
 0.056691  0.056691  0.057672  0.828945 
 0.832517  0.024263  0.055955  0.087264 
 0.970314  0.000047  0.000047  0.029593 
 0.029593  0.000047  0.000047  0.970314 
 0.000047  0.000047  0.000047  0.999859 
 0.999859  0.000047  0.000047  0.000047 
 0.846431  0.027818  0.090937  0.034814 
 0.451062  0.110357  0.106234  0.332347 
 0.453063  0.103504  0.101260  0.342173 

MOTIF ARCH55_Alx3/Alx4/Alx1_Barx2... 
letter-probability matrix: alength= 4 w= 11 nsites= 100 E= 0
 0.077408  0.024754  0.010596  0.887242 
 0.932672  0.005112  0.030174  0.032042 
 0.991230  0.002132  0.004622  0.002016 
 0.027311  0.048744  0.014265  0.909680 
 0.017905  0.171118  0.039235  0.771741 
 0.462831  0.165645  0.160804  0.210721 
 0.698990  0.033396  0.256590  0.011024 
 0.934415  0.012101  0.039844  0.013639 
 0.003448  0.007375  0.002735  0.986443 
 0.061057  0.038448  0.007731  0.892765 
 0.933008  0.007509  0.017474  0.042008 

MOTIF ARCH56_POU4F1 
letter-probability matrix: alength= 4 w= 12 nsites= 100 E= 0
 0.833000  0.049000  0.046000  0.072000 
 0.019000  0.009000  0.016000  0.956000 
 0.199000  0.166000  0.357000  0.278000 
 0.901000  0.051000  0.021000  0.027000 
 0.848000  0.056000  0.018000  0.078000 
 0.102000  0.052000  0.069000  0.777000 
 0.564000  0.040000  0.049000  0.347000 
 0.862000  0.001000  0.012000  0.125000 
 0.069000  0.010000  0.022000  0.899000 
 0.053000  0.020000  0.085000  0.842000 
 0.292000  0.336000  0.161000  0.212000 
 0.945000  0.023000  0.007000  0.025000 

MOTIF ARCH57_gsb 
letter-probability matrix: alength= 4 w= 12 nsites= 100 E= 0
 0.052000  0.139000  0.172000  0.637000 
 0.062000  0.048000  0.031000  0.859000 
 0.758000  0.061000  0.059000  0.122000 
 0.811000  0.080000  0.020000  0.089000 
 0.044000  0.022000  0.042000  0.892000 
 0.074000  0.016000  0.020000  0.890000 
 0.079000  0.022000  0.083000  0.816000 
 0.928000  0.001000  0.001000  0.070000 
 0.034000  0.039000  0.039000  0.888000 
 0.018000  0.022000  0.131000  0.829000 
 0.041000  0.823000  0.001000  0.135000 
 0.875000  0.030000  0.055000  0.040000 

MOTIF ARCH58_ZHD1 
letter-probability matrix: alength= 4 w= 12 nsites= 100 E= 0
 0.997000  0.001000  0.001000  0.001000 
 0.081000  0.817000  0.001000  0.101000 
 0.001000  0.001000  0.100000  0.898000 
 0.809000  0.001000  0.189000  0.001000 
 0.811000  0.001000  0.001000  0.187000 
 0.001000  0.100000  0.001000  0.898000 
 0.101000  0.001000  0.106000  0.792000 
 0.796000  0.001000  0.001000  0.202000 
 0.796000  0.202000  0.001000  0.001000 
 0.001000  0.001000  0.105000  0.893000 
 0.789000  0.001000  0.101000  0.109000 
 0.110000  0.089000  0.700000  0.101000 

MOTIF ARCH59_Alx3/Alx4/Alx1_Barx2... 
letter-probability matrix: alength= 4 w= 8 nsites= 100 E= 0
 0.040606  0.136493  0.040606  0.782295 
 0.934258  0.000247  0.000247  0.065248 
 0.999258  0.000247  0.000247  0.000247 
 0.000247  0.000247  0.000247  0.999258 
 0.032338  0.000247  0.000247  0.967168 
 0.797888  0.032338  0.169527  0.000247 
 0.513115  0.149501  0.188222  0.149162 
 0.124569  0.156517  0.124569  0.594345 

MOTIF ARCH60_Arid2_Arid3c/Arid3a/... 
letter-probability matrix: alength= 4 w= 11 nsites= 100 E= 0
 0.614500  0.028000  0.049500  0.308000 
 0.988500  0.002500  0.008000  0.001000 
 0.504500  0.008000  0.003500  0.484000 
 0.077095  0.298556  0.088889  0.535460 
 0.179429  0.564381  0.073556  0.182635 
 0.568667  0.032667  0.381333  0.017333 
 0.968333  0.001667  0.011333  0.018667 
 0.008603  0.001000  0.000667  0.989730 
 0.009603  0.010000  0.003333  0.977063 
 0.883651  0.016000  0.045349  0.055000 
 0.471833  0.308024  0.105929  0.114214 

MOTIF ARCH61_M00889_2.00 
letter-probability matrix: alength= 4 w= 8 nsites= 100 E= 0
 0.764758  0.078414  0.078414  0.078414 
 0.146666  0.050698  0.050698  0.751939 
 0.625315  0.121356  0.227065  0.026263 
 0.903017  0.096306  0.000338  0.000338 
 0.094494  0.000338  0.096306  0.808861 
 0.095431  0.000338  0.000338  0.903893 
 0.904830  0.094494  0.000338  0.000338 
 0.347844  0.052250  0.152763  0.447143 

MOTIF ARCH62_HDG1 
letter-probability matrix: alength= 4 w= 9 nsites= 100 E= 0
 0.020000  0.416000  0.001000  0.563000 
 0.968000  0.030000  0.001000  0.001000 
 0.595000  0.001000  0.001000  0.403000 
 0.001000  0.001000  0.001000  0.997000 
 0.333000  0.001000  0.001000  0.665000 
 0.997000  0.001000  0.001000  0.001000 
 0.977000  0.001000  0.001000  0.021000 
 0.001000  0.001000  0.001000  0.997000 
 0.202000  0.001000  0.576000  0.221000 

MOTIF ARCH63_Pax5/Pax8/Pax2 
letter-probability matrix: alength= 4 w= 10 nsites= 100 E= 0
 0.133545  0.056563  0.056930  0.752963 
 0.909644  0.035972  0.040715  0.013669 
 0.935924  0.025029  0.021053  0.017995 
 0.006978  0.079044  0.018255  0.895723 
 0.010011  0.605832  0.025002  0.359155 
 0.312940  0.026030  0.649990  0.011040 
 0.882866  0.015181  0.088754  0.013198 
 0.015366  0.018845  0.028274  0.937514 
 0.012319  0.048832  0.036424  0.902425 
 0.678461  0.066968  0.053373  0.201198 

MOTIF ARCH64_Arid2_Arid3c/Arid3a/... 
letter-probability matrix: alength= 4 w= 8 nsites= 100 E= 0
 0.809524  0.000000  0.047619  0.142857 
 1.000000  0.000000  0.000000  0.000000 
 0.000000  0.000000  0.000000  1.000000 
 0.047619  0.619048  0.000000  0.333333 
 0.952381  0.000000  0.047619  0.000000 
 0.857143  0.095238  0.047619  0.000000 
 0.904762  0.095238  0.000000  0.000000 
 0.450000  0.400000  0.050000  0.100000 

MOTIF ARCH65_AT1G20910 
letter-probability matrix: alength= 4 w= 6 nsites= 100 E= 0
 0.785000  0.001000  0.213000  0.001000 
 0.997000  0.001000  0.001000  0.001000 
 0.001000  0.001000  0.001000  0.997000 
 0.001000  0.386000  0.001000  0.612000 
 0.459000  0.001000  0.500000  0.040000 
 0.764000  0.001000  0.234000  0.001000 

MOTIF ARCH66_Barx2/Barx1_Dlx4/Dlx... 
letter-probability matrix: alength= 4 w= 16 nsites= 100 E= 0
 0.754632  0.079772  0.063101  0.102495 
 0.036293  0.022438  0.028167  0.913103 
 0.029507  0.088518  0.017364  0.864612 
 0.198866  0.015002  0.019076  0.767055 
 0.204859  0.042945  0.725049  0.027147 
 0.095995  0.844914  0.014645  0.044445 
 0.942618  0.020962  0.012716  0.023703 
 0.084803  0.024291  0.013362  0.877544 
 0.649759  0.067724  0.128011  0.154505 
 0.407386  0.181134  0.078636  0.332844 
 0.130276  0.510295  0.193624  0.165805 
 0.911924  0.031359  0.008672  0.048045 
 0.916591  0.028361  0.037040  0.018008 
 0.519059  0.030040  0.033363  0.417538 
 0.308887  0.051047  0.561674  0.078392 
 0.269291  0.177178  0.510487  0.043044 

MOTIF ARCH67_Oct4:Sox17 
letter-probability matrix: alength= 4 w= 13 nsites= 100 E= 0
 0.088000  0.656000  0.049000  0.207000 
 0.710000  0.016000  0.001000  0.273000 
 0.002000  0.001000  0.001000  0.996000 
 0.001000  0.001000  0.001000  0.997000 
 0.013000  0.042000  0.944000  0.001000 
 0.048000  0.006000  0.001000  0.945000 
 0.679000  0.062000  0.162000  0.097000 
 0.003000  0.003000  0.001000  0.993000 
 0.003000  0.010000  0.783000  0.204000 
 0.040000  0.769000  0.058000  0.133000 
 0.726000  0.013000  0.001000  0.260000 
 0.514000  0.065000  0.230000  0.191000 
 0.693000  0.100000  0.110000  0.097000 

MOTIF ARCH68_RME1 
letter-probability matrix: alength= 4 w= 12 nsites= 100 E= 0
 0.026000  0.001000  0.001000  0.972000 
 0.997000  0.001000  0.001000  0.001000 
 0.050000  0.948000  0.001000  0.001000 
 0.909000  0.001000  0.001000  0.089000 
 0.909000  0.001000  0.001000  0.089000 
 0.923000  0.001000  0.075000  0.001000 
 0.001000  0.001000  0.948000  0.050000 
 0.001000  0.067000  0.931000  0.001000 
 0.870000  0.053000  0.001000  0.076000 
 0.883000  0.001000  0.063000  0.053000 
 0.056000  0.001000  0.001000  0.942000 
 0.090000  0.001000  0.090000  0.819000 

MOTIF ARCH69_AGL27 
letter-probability matrix: alength= 4 w= 12 nsites= 100 E= 0
 0.933000  0.001000  0.001000  0.065000 
 0.874000  0.124000  0.001000  0.001000 
 0.001000  0.001000  0.001000  0.997000 
 0.070000  0.077000  0.001000  0.852000 
 0.063000  0.001000  0.001000  0.935000 
 0.051000  0.871000  0.077000  0.001000 
 0.041000  0.893000  0.065000  0.001000 
 0.997000  0.001000  0.001000  0.001000 
 0.061000  0.001000  0.001000  0.937000 
 0.001000  0.097000  0.001000  0.901000 
 0.001000  0.001000  0.076000  0.922000 
 0.074000  0.001000  0.001000  0.924000 

MOTIF ARCH70_M02142_2.00 
letter-probability matrix: alength= 4 w= 8 nsites= 100 E= 0
 0.726407  0.000454  0.045826  0.227314 
 0.998967  0.000344  0.000344  0.000344 
 0.031523  0.062734  0.031523  0.874220 
 0.000312  0.780587  0.000312  0.218789 
 0.437266  0.000312  0.562110  0.000312 
 0.967853  0.031523  0.000312  0.000312 
 0.000357  0.000357  0.036020  0.963267 
 0.000525  0.840861  0.000525  0.158088 

MOTIF ARCH71_Nkx2-2/Nkx2-9 
letter-probability matrix: alength= 4 w= 8 nsites= 100 E= 0
 0.756723  0.022461  0.012654  0.208162 
 0.915533  0.009807  0.026890  0.047770 
 0.026258  0.017083  0.010123  0.946536 
 0.030054  0.847516  0.024043  0.098387 
 0.176210  0.021196  0.756722  0.045872 
 0.926605  0.014552  0.032585  0.026258 
 0.130971  0.028156  0.028788  0.812085 
 0.634610  0.018032  0.038595  0.308763 

MOTIF ARCH72_PB0005.1_Bbx_1 
letter-probability matrix: alength= 4 w= 10 nsites= 100 E= 0
 0.701000  0.139000  0.088000  0.072000 
 0.171000  0.024000  0.072000  0.733000 
 0.001000  0.071000  0.077000  0.851000 
 0.124000  0.801000  0.074000  0.001000 
 0.806000  0.001000  0.107000  0.086000 
 0.678000  0.001000  0.001000  0.320000 
 0.084000  0.075000  0.041000  0.800000 
 0.001000  0.026000  0.880000  0.093000 
 0.612000  0.298000  0.089000  0.001000 
 0.834000  0.018000  0.080000  0.068000 

MOTIF ARCH73_KAN1__AT2G20110 
letter-probability matrix: alength= 4 w= 6 nsites= 100 E= 0
 0.216000  0.065000  0.613000  0.106000 
 0.534000  0.109500  0.168500  0.188000 
 0.759000  0.023000  0.134000  0.084000 
 0.011000  0.001000  0.016000  0.972000 
 0.391000  0.034500  0.031500  0.543000 
 0.030500  0.197500  0.051500  0.720500 

MOTIF ARCH74_AGL63__AGL25 
letter-probability matrix: alength= 4 w= 12 nsites= 100 E= 0
 0.112000  0.014000  0.062000  0.812000 
 0.149575  0.055028  0.182091  0.613307 
 0.027500  0.854000  0.017000  0.101500 
 0.024500  0.771000  0.001000  0.203500 
 0.526000  0.188000  0.099500  0.186500 
 0.500250  0.033983  0.058471  0.407296 
 0.569000  0.001000  0.001000  0.429000 
 0.505000  0.006000  0.004500  0.484500 
 0.478239  0.060530  0.041521  0.419710 
 0.229000  0.105500  0.116500  0.549000 
 0.263000  0.001000  0.632000  0.104000 
 0.025500  0.004000  0.940000  0.030500 

MOTIF ARCH75_At5g58900__At1g74840 
letter-probability matrix: alength= 4 w= 11 nsites= 100 E= 0
 0.185500  0.522500  0.057500  0.234500 
 0.520000  0.230000  0.087000  0.163000 
 0.004500  0.001000  0.001000  0.993500 
 0.064000  0.040000  0.001000  0.895000 
 0.922000  0.001000  0.031500  0.045500 
 0.077500  0.027500  0.021000  0.874000 
 0.085000  0.902000  0.001000  0.012000 
 0.181500  0.533500  0.028500  0.256500 
 0.602000  0.096000  0.066500  0.235500 
 0.648176  0.093953  0.068466  0.189405 
 0.591500  0.069000  0.040000  0.299500 

MOTIF ARCH76_CES-1__PB0171.1_Sox18_2 
letter-probability matrix: alength= 4 w= 6 nsites= 100 E= 0
 0.738500  0.065000  0.022000  0.174500 
 0.936500  0.011000  0.027000  0.025500 
 0.997000  0.001000  0.001000  0.001000 
 0.001000  0.051500  0.001000  0.946500 
 0.009500  0.119500  0.021000  0.850000 
 0.069465  0.675162  0.179410  0.075962 

MOTIF ARCH77_Foxa3/Foxa1/Foxa2_Fo... 
letter-probability matrix: alength= 4 w= 9 nsites= 100 E= 0
 0.113712  0.113712  0.658864  0.113712 
 0.149079  0.647067  0.101927  0.101927 
 0.671191  0.125324  0.078172  0.125312 
 0.366174  0.179145  0.183642  0.271040 
 0.483852  0.152048  0.122548  0.241553 
 0.497859  0.073175  0.086682  0.342284 
 0.106639  0.094139  0.147139  0.652084 
 0.204716  0.391844  0.102639  0.300801 
 0.622409  0.137358  0.081886  0.158347 

MOTIF ARCH78_DUX 
letter-probability matrix: alength= 4 w= 12 nsites= 100 E= 0
 0.061000  0.489000  0.303000  0.147000 
 0.424000  0.001000  0.104000  0.471000 
 0.001000  0.001000  0.997000  0.001000 
 0.997000  0.001000  0.001000  0.001000 
 0.001000  0.001000  0.001000  0.997000 
 0.001000  0.013000  0.001000  0.985000 
 0.044000  0.569000  0.168000  0.219000 
 0.997000  0.001000  0.001000  0.001000 
 0.997000  0.001000  0.001000  0.001000 
 0.001000  0.001000  0.001000  0.997000 
 0.001000  0.899000  0.014000  0.086000 
 0.792000  0.014000  0.001000  0.193000 

MOTIF ARCH79_ZCRB1 
letter-probability matrix: alength= 4 w= 10 nsites= 100 E= 0
 0.141000  0.263000  0.567000  0.029000 
 0.039000  0.267000  0.269000  0.425000 
 0.445000  0.484000  0.044000  0.027000 
 0.013000  0.063000  0.869000  0.055000 
 0.552000  0.076000  0.313000  0.059000 
 0.455000  0.294000  0.041000  0.210000 
 0.214000  0.046000  0.048000  0.692000 
 0.224000  0.045000  0.038000  0.693000 
 0.650000  0.045000  0.266000  0.039000 
 0.805000  0.071000  0.083000  0.041000 

MOTIF ARCH80_SRSF2__br-Z2 
letter-probability matrix: alength= 4 w= 6 nsites= 100 E= 0
 0.001000  0.997000  0.001000  0.001000 
 0.001000  0.001000  0.001000  0.997000 
 0.997000  0.001000  0.001000  0.001000 
 0.001000  0.070000  0.499000  0.430000 
 0.001000  0.001000  0.001000  0.997000 
 0.682000  0.230000  0.001000  0.087000 

MOTIF ARCH81_ct__PB0194.1_Zbtb12_2 
letter-probability matrix: alength= 4 w= 8 nsites= 100 E= 0
 0.132000  0.435000  0.025500  0.407500 
 0.001000  0.978500  0.001000  0.019500 
 0.001000  0.036000  0.001000  0.962000 
 0.861000  0.084500  0.001000  0.053500 
 0.001000  0.001000  0.027500  0.970500 
 0.001000  0.001000  0.036000  0.962000 
 0.029000  0.029500  0.917500  0.024000 
 0.963500  0.034500  0.001000  0.001000 

MOTIF ARCH82_Alx3/Alx4/Alx1_Barx2... 
letter-probability matrix: alength= 4 w= 6 nsites= 100 E= 0
 0.050402  0.071240  0.020811  0.857548 
 0.833398  0.016373  0.062137  0.088092 
 0.916486  0.013641  0.048332  0.021541 
 0.001930  0.634915  0.026126  0.337028 
 0.088316  0.056678  0.772514  0.082491 
 0.636402  0.133496  0.065412  0.164690 

MOTIF ARCH83_Alx3/Alx4/Alx1_Gbx1/... 
letter-probability matrix: alength= 4 w= 7 nsites= 100 E= 0
 0.080989  0.034945  0.035943  0.848123 
 0.975904  0.001933  0.000000  0.022163 
 0.980480  0.003350  0.010987  0.005183 
 0.003948  0.531867  0.015862  0.448323 
 0.493913  0.024434  0.378988  0.102665 
 0.959760  0.009311  0.009873  0.021055 
 0.038818  0.066428  0.704787  0.189967 

MOTIF ARCH84_Alx3/Alx4/Alx1_Barx2... 
letter-probability matrix: alength= 4 w= 6 nsites= 100 E= 0
 0.101037  0.063556  0.020860  0.814547 
