<!DOCTYPE HTML>
<html>
  <head>
    <meta charset="UTF-8">
    <title>Tomtom Results</title>
    <script>
      // @JSON_VAR data
      var data = {
        "program": "Tomtom",
        "version": "5.5.7",
        "release": "Wed Jun 19 13:59:04 2024 -0700",
        "cmd": [
          "tomtom", "-o",
          "/users/asebe/aelek/proj/scATAC_nvec_v2/Nematostella_scATAC/results/Motifs/streme/muscle//peaks_muscle_MR/tomtom",
          "-no-ssc", "-verbosity", "1", "-min-overlap", "5", "-dist",
          "pearson", "-evalue", "-thresh", "0.5",
          "/users/asebe/aelek/proj/scATAC_nvec_v2/Nematostella_scATAC/results/Motifs/streme/muscle//peaks_muscle_MR/streme/streme.xml",
          "/users/asebe/aelek/proj/scATAC_nvec_v2/Nematostella_scATAC/results/Archetypes/motif-archetypes-PPM-PCC-0.8-IC0.5-5bp-pwms.meme"
        ],
        "options": {
          "strands": "both",
          "distance_measure": "pearson",
          "threshold_type": "evalue",
          "threshold_value": 0.5,
          "background_source": "--query--"
        },
        "alphabet": {
          "name": "DNA",
          "like": "dna",
          "ncore": 4,
          "symbols": [
            {
              "symbol": "A",
              "name": "Adenine",
              "colour": "CC0000",
              "complement": "T"
            }, {
              "symbol": "C",
              "name": "Cytosine",
              "colour": "0000CC",
              "complement": "G"
            }, {
              "symbol": "G",
              "name": "Guanine",
              "colour": "FFB300",
              "complement": "C"
            }, {
              "symbol": "T",
              "aliases": "U",
              "name": "Thymine",
              "colour": "008000",
              "complement": "A"
            }, {
              "symbol": "N",
              "aliases": "X.",
              "name": "Any base",
              "equals": "ACGT"
            }, {
              "symbol": "V",
              "name": "Not T",
              "equals": "ACG"
            }, {
              "symbol": "H",
              "name": "Not G",
              "equals": "ACT"
            }, {
              "symbol": "D",
              "name": "Not C",
              "equals": "AGT"
            }, {
              "symbol": "B",
              "name": "Not A",
              "equals": "CGT"
            }, {
              "symbol": "M",
              "name": "Amino",
              "equals": "AC"
            }, {
              "symbol": "R",
              "name": "Purine",
              "equals": "AG"
            }, {
              "symbol": "W",
              "name": "Weak",
              "equals": "AT"
            }, {
              "symbol": "S",
              "name": "Strong",
              "equals": "CG"
            }, {
              "symbol": "Y",
              "name": "Pyrimidine",
              "equals": "CT"
            }, {
              "symbol": "K",
              "name": "Keto",
              "equals": "GT"
            }
          ]
        },
        "background": [0.25, 0.25, 0.25, 0.25],
        "query_dbs": [
          {
            "source": "/users/asebe/aelek/proj/scATAC_nvec_v2/Nematostella_scATAC/results/Motifs/streme/muscle//peaks_muscle_MR/streme/streme.xml",
            "name": "streme.xml",
            "loaded": 18,
            "excluded": 0,
            "last_modified": "Mon Mar 17 14:44:53 2025"
          }
        ],
        "target_dbs": [
          {
            "source": "/users/asebe/aelek/proj/scATAC_nvec_v2/Nematostella_scATAC/results/Archetypes/motif-archetypes-PPM-PCC-0.8-IC0.5-5bp-pwms.meme",
            "name": "motif-archetypes-PPM-PCC-0.8-IC0.5-5bp-pwms",
            "loaded": 1727,
            "excluded": 0,
            "last_modified": "Fri Jul 26 14:32:05 2024"
          }
        ],
        "queries": [
          {
            "db": 0,
            "id": "1-AAGGTCAAG",
            "alt": "STREME-1",
            "len": 9,
            "nsites": 698,
            "evalue": "7.0e-007",
            "pwm": [
              [0.609025, 0.0672197, 0.233992, 0.0897636], 
              [0.782302, 0.000105624, 0.217462, 0.000131197], 
              [0.000131197, 0.00548712, 0.94734, 0.0470418], 
              [0.000131197, 0.000105624, 0.973048, 0.0267145], 
              [0.000131197, 0.0288531, 0.00508972, 0.965926], 
              [0.000131197, 0.935868, 0.000105624, 0.0638958], 
              [0.891365, 0.000105624, 0.0628648, 0.045664], 
              [0.664217, 0.288914, 0.0467375, 0.000131197], 
              [0.214267, 0.161264, 0.560873, 0.0635952]
            ]
          }, {
            "db": 0,
            "id": "10-AACCCGAKM",
            "alt": "STREME-10",
            "len": 9,
            "nsites": 338,
            "evalue": "3.0e-002",
            "pwm": [
              [0.963657, 0.0132165, 0.0201487, 0.0029785], 
              [0.508305, 0.141484, 0.0983703, 0.251841], 
              [0.0264941, 0.797962, 0.0135932, 0.161951], 
              [0.0873681, 0.786974, 0.000218521, 0.125439], 
              [0.00027148, 0.997929, 0.00152812, 0.00027148], 
              [0.00027148, 0.000218521, 0.973044, 0.0264659], 
              [0.984984, 0.000218521, 0.0145267, 0.00027148], 
              [0.0319476, 0.0682976, 0.30243, 0.597324], 
              [0.329895, 0.507246, 0.111381, 0.0514778]
            ]
          }, {
            "db": 0,
            "id": "11-ATCTGAC",
            "alt": "STREME-11",
            "len": 7,
            "nsites": 866,
            "evalue": "3.2e-002",
            "pwm": [
              [0.854202, 0.0811303, 0.064089, 0.000578131], 
              [0.030734, 0.0402163, 0.000430874, 0.928619], 
              [0.000578131, 0.948694, 0.0501493, 0.000578131], 
              [0.0304842, 0.0487902, 0.0239994, 0.896726], 
              [0.102264, 0.11194, 0.730919, 0.0548766], 
              [0.894512, 0.000430874, 0.0602967, 0.0447613], 
              [0.000578131, 0.827683, 0.059331, 0.112408]
            ]
          }, {
            "db": 0,
            "id": "12-ATCTCACGT",
            "alt": "STREME-12",
            "len": 9,
            "nsites": 274,
            "evalue": "3.2e-002",
            "pwm": [
              [0.997906, 0.00148504, 0.000271474, 0.000337506], 
              [0.000337506, 0.138823, 0.000271474, 0.860568], 
              [0.000337506, 0.999054, 0.000271474, 0.000337506], 
              [0.000337506, 0.000271474, 0.264045, 0.735346], 
              [0.000337506, 0.771584, 0.00578392, 0.222295], 
              [0.632933, 0.000271474, 0.259091, 0.107705], 
              [0.128051, 0.683526, 0.0406761, 0.147748], 
              [0.000337506, 0.000271474, 0.999054, 0.000337506], 
              [0.0784082, 0.128806, 0.180159, 0.612626]
            ]
          }, {
            "db": 0,
            "id": "13-CGTGTC",
            "alt": "STREME-13",
            "len": 6,
            "nsites": 861,
            "evalue": "4.0e-002",
            "pwm": [
              [0.00105546, 0.997109, 0.000780276, 0.00105546], 
              [0.00105546, 0.000780276, 0.997109, 0.00105546], 
              [0.185505, 0.000780276, 0.144582, 0.669132], 
              [0.153591, 0.000780276, 0.844573, 0.00105546], 
              [0.192072, 0.000780276, 0.000780276, 0.806368], 
              [0.00105546, 0.997109, 0.000780276, 0.00105546]
            ]
          }, {
            "db": 0,
            "id": "14-ACYGATAG",
            "alt": "STREME-14",
            "len": 8,
            "nsites": 353,
            "evalue": "4.2e-002",
            "pwm": [
              [0.567275, 0.135144, 0.281429, 0.016152], 
              [0.000517495, 0.676773, 0.000397737, 0.322312], 
              [0.000517495, 0.400931, 0.000397737, 0.598153], 
              [0.000517495, 0.000397737, 0.998567, 0.000517495], 
              [0.998687, 0.000397737, 0.000397737, 0.000517495], 
              [0.000517495, 0.000397737, 0.000397737, 0.998687], 
              [0.923964, 0.0751206, 0.000397737, 0.000517495], 
              [0.216667, 0.169713, 0.613102, 0.000517495]
            ]
          }, {
            "db": 0,
            "id": "15-TATCTCGAG",
            "alt": "STREME-15",
            "len": 9,
            "nsites": 118,
            "evalue": "4.8e-002",
            "pwm": [
              [0.0401514, 0.00757667, 0.000639661, 0.951632], 
              [0.932696, 0.0195885, 0.0374572, 0.0102578], 
              [0.02624, 0.0573408, 0.0111681, 0.905251], 
              [0.0053967, 0.964244, 0.0295631, 0.00079643], 
              [0.00321458, 0.000639661, 0.0940127, 0.902133], 
              [0.0401466, 0.770424, 0.0364718, 0.152957], 
              [0.0984863, 0.0224126, 0.845149, 0.0339522], 
              [0.981463, 0.000639661, 0.000639661, 0.0172579], 
              [0.203916, 0.0258621, 0.735385, 0.0348373]
            ]
          }, {
            "db": 0,
            "id": "16-ATGGCGCAAAGGTTC",
            "alt": "STREME-16",
            "len": 15,
            "nsites": 18,
            "evalue": "1.4e-001",
            "pwm": [
              [0.683849, 0.00179955, 0.238542, 0.0758099], 
              [0.00195278, 0.00179955, 0.00179955, 0.994448], 
              [0.0623258, 0.00179955, 0.860065, 0.0758099], 
              [0.00195278, 0.00179955, 0.994295, 0.00195278], 
              [0.00195278, 0.846581, 0.00179955, 0.149667], 
              [0.00195278, 0.00179955, 0.994295, 0.00195278], 
              [0.00195278, 0.994295, 0.00179955, 0.00195278], 
              [0.92059, 0.00179955, 0.0756567, 0.00195278], 
              [0.994448, 0.00179955, 0.00179955, 0.00195278], 
              [0.683849, 0.00179955, 0.312398, 0.00195278], 
              [0.00195278, 0.00179955, 0.772723, 0.223524], 
              [0.00195278, 0.0756567, 0.846581, 0.0758099], 
              [0.00195278, 0.292894, 0.00179955, 0.703353], 
              [0.0758099, 0.00179955, 0.00179955, 0.92059], 
              [0.00195278, 0.994295, 0.00179955, 0.00195278]
            ]
          }, {
            "db": 0,
            "id": "17-AATTTGATACTC",
            "alt": "STREME-17",
            "len": 12,
            "nsites": 43,
            "evalue": "5.2e-001",
            "pwm": [
              [0.91781, 0.0454873, 0.000889072, 0.0358139], 
              [0.869237, 0.000889072, 0.128872, 0.00100227], 
              [0.00100227, 0.102235, 0.080299, 0.816464], 
              [0.0709677, 0.0357008, 0.000889072, 0.892443], 
              [0.199009, 0.0651003, 0.000889072, 0.735002], 
              [0.00100227, 0.000889072, 0.997107, 0.00100227], 
              [0.997219, 0.000889072, 0.000889072, 0.00100227], 
              [0.0192026, 0.000889072, 0.000889072, 0.97902], 
              [0.906032, 0.0262562, 0.000889072, 0.0668223], 
              [0.0456005, 0.848947, 0.0843314, 0.0211208], 
              [0.0714552, 0.0592381, 0.000889072, 0.868418], 
              [0.167945, 0.739047, 0.000889072, 0.0921195]
            ]
          }, {
            "db": 0,
            "id": "18-CTAGATACTTCGTGTA",
            "alt": "STREME-18",
            "len": 16,
            "nsites": 16,
            "evalue": "1.0e+000",
            "pwm": [
              [0.00216276, 0.993675, 0.00199923, 0.00216276], 
              [0.00216276, 0.00199923, 0.00199923, 0.993839], 
              [0.771771, 0.159638, 0.0664285, 0.00216276], 
              [0.00216276, 0.00199923, 0.836036, 0.159802], 
              [0.8362, 0.00199923, 0.00199923, 0.159802], 
              [0.0809821, 0.00199923, 0.00199923, 0.91502], 
              [0.993839, 0.00199923, 0.00199923, 0.00216276], 
              [0.00216276, 0.914856, 0.00199923, 0.0809821], 
              [0.00216276, 0.00199923, 0.0808185, 0.91502], 
              [0.00216276, 0.0808185, 0.00199923, 0.91502], 
              [0.0809821, 0.914856, 0.00199923, 0.00216276], 
              [0.00216276, 0.159638, 0.836036, 0.00216276], 
              [0.0809821, 0.159638, 0.00199923, 0.757381], 
              [0.159802, 0.00199923, 0.757218, 0.0809821], 
              [0.00216276, 0.00199923, 0.00199923, 0.993839], 
              [0.8362, 0.159638, 0.00199923, 0.00216276]
            ]
          }, {
            "db": 0,
            "id": "2-GTCACGCAAYCNTC",
            "alt": "STREME-2",
            "len": 14,
            "nsites": 380,
            "evalue": "5.6e-005",
            "pwm": [
              [0.0616206, 0.0160136, 0.90094, 0.0214263], 
              [0.0282962, 0.00669762, 0.0100042, 0.955002], 
              [0.0933438, 0.887244, 0.00339106, 0.0160205], 
              [0.937209, 0.00609395, 0.02745, 0.0292467], 
              [0.0115172, 0.962612, 0.00940051, 0.0164698], 
              [0.0567722, 0.00880738, 0.873263, 0.0611574], 
              [0.0760936, 0.872565, 8.45006e-05, 0.0512569], 
              [0.656485, 0.124422, 0.112965, 0.106128], 
              [0.808338, 0.0826631, 0.0522155, 0.056783], 
              [0.107027, 0.457888, 0.107481, 0.327605], 
              [0.17985, 0.48723, 0.195643, 0.137277], 
              [0.184825, 0.254225, 0.197526, 0.363424], 
              [0.207255, 0.148478, 0.161819, 0.482448], 
              [0.140231, 0.554507, 0.130255, 0.175008]
            ]
          }, {
            "db": 0,
            "id": "3-MGATAAG",
            "alt": "STREME-3",
            "len": 7,
            "nsites": 850,
            "evalue": "8.8e-005",
            "pwm": [
              [0.381223, 0.439789, 0.000180805, 0.178808], 
              [0.000236263, 0.000180805, 0.999347, 0.000236263], 
              [0.999402, 0.000180805, 0.000180805, 0.000236263], 
              [0.000236263, 0.000180805, 0.000180805, 0.999402], 
              [0.999402, 0.000180805, 0.000180805, 0.000236263], 
              [0.83588, 0.163703, 0.000180805, 0.000236263], 
              [0.000236263, 0.138686, 0.860841, 0.000236263]
            ]
          }, {
            "db": 0,
            "id": "4-CTTGWCAY",
            "alt": "STREME-4",
            "len": 8,
            "nsites": 481,
            "evalue": "1.6e-004",
            "pwm": [
              [0.000367847, 0.858549, 0.140715, 0.000367847], 
              [0.0818479, 0.000283159, 0.0218087, 0.896061], 
              [0.000367847, 0.000283159, 0.000283159, 0.999066], 
              [0.000367847, 0.000283159, 0.998981, 0.000367847], 
              [0.316426, 0.000283159, 0.0596201, 0.62367], 
              [0.000367847, 0.998981, 0.000283159, 0.000367847], 
              [0.805966, 0.000283159, 0.000283159, 0.193467], 
              [0.164649, 0.526673, 0.000283159, 0.308395]
            ]
          }, {
            "db": 0,
            "id": "5-CACTTGAATK",
            "alt": "STREME-5",
            "len": 10,
            "nsites": 366,
            "evalue": "2.1e-004",
            "pwm": [
              [0.000193812, 0.892055, 0.0410879, 0.0666633], 
              [0.900901, 0.07369, 0.00232646, 0.0230825], 
              [0.000193812, 0.965271, 0.0343421, 0.000193812], 
              [0.000193812, 0.000160159, 0.00805605, 0.99159], 
              [0.0548829, 0.199701, 0.0175663, 0.727849], 
              [0.000193812, 0.0414385, 0.958174, 0.000193812], 
              [0.943364, 0.0230376, 0.00923605, 0.0243624], 
              [0.586534, 0.0923667, 0.263483, 0.0576166], 
              [0.169368, 0.172423, 0.0752082, 0.583], 
              [0.0715181, 0.162581, 0.324341, 0.441561]
            ]
          }, {
            "db": 0,
            "id": "6-AGGTTATC",
            "alt": "STREME-6",
            "len": 8,
            "nsites": 299,
            "evalue": "5.6e-004",
            "pwm": [
              [0.851056, 0.119194, 0.0141456, 0.0156044], 
              [0.00289273, 0.00379956, 0.98561, 0.00769733], 
              [0.107136, 0.0372016, 0.766607, 0.0890547], 
              [0.125471, 0.0511168, 0.0643332, 0.75908], 
              [0.116852, 0.0842734, 0.0259395, 0.772935], 
              [0.971283, 0.00211259, 0.00266843, 0.0239358], 
              [0.0088874, 0.00287006, 0.00652743, 0.981715], 
              [0.0615825, 0.921535, 0.00138444, 0.015498]
            ]
          }, {
            "db": 0,
            "id": "7-CGYTATCWR",
            "alt": "STREME-7",
            "len": 9,
            "nsites": 261,
            "evalue": "9.7e-003",
            "pwm": [
              [0.000327862, 0.72485, 0.274495, 0.000327862], 
              [0.000327862, 0.000265633, 0.999079, 0.000327862], 
              [0.000327862, 0.608824, 0.0314398, 0.359409], 
              [0.173182, 0.000265633, 0.000265633, 0.826286], 
              [0.999141, 0.000265633, 0.000265633, 0.000327862], 
              [0.000327862, 0.000265633, 0.000265633, 0.999141], 
              [0.000327862, 0.999079, 0.000265633, 0.000327862], 
              [0.554623, 0.0298531, 0.0319502, 0.383573], 
              [0.44881, 0.159234, 0.316692, 0.0752637]
            ]
          }, {
            "db": 0,
            "id": "8-CTGTCARH",
            "alt": "STREME-8",
            "len": 8,
            "nsites": 398,
            "evalue": "1.3e-002",
            "pwm": [
              [0.00048895, 0.998648, 0.0003747, 0.00048895], 
              [0.00048895, 0.0003747, 0.0003747, 0.998762], 
              [0.00048895, 0.0003747, 0.998648, 0.00048895], 
              [0.00048895, 0.0003747, 0.0003747, 0.998762], 
              [0.00048895, 0.998648, 0.0003747, 0.00048895], 
              [0.998762, 0.0003747, 0.0003747, 0.00048895], 
              [0.395548, 0.106502, 0.319984, 0.177965], 
              [0.258713, 0.309366, 0.0578341, 0.374087]
            ]
          }, {
            "db": 0,
            "id": "9-GCGTGACAG",
            "alt": "STREME-9",
            "len": 9,
            "nsites": 649,
            "evalue": "2.5e-002",
            "pwm": [
              [0.000157848, 0.0950653, 0.786502, 0.118274], 
              [0.324517, 0.653858, 0.0214682, 0.000157848], 
              [0.0293756, 0.0236343, 0.775397, 0.171593], 
              [0.0355695, 0.0886815, 0.000125855, 0.875624], 
              [0.000157848, 0.000125855, 0.999559, 0.000157848], 
              [0.916808, 0.000125855, 0.0829081, 0.000157848], 
              [0.000157848, 0.819071, 0.000125855, 0.180645], 
              [0.738379, 0.0317812, 0.130827, 0.0990126], 
              [0.102263, 0.124069, 0.663968, 0.1097]
            ]
          }
        ],
        "targets": [
          {
            "db": 0,
            "id": "ARCH119_Pknox1",
            "len": 10,
            "nsites": 100,
            "pwm": [
              [0.107143, 0.571678, 0.163087, 0.158092], 
              [0.0232268, 0.137113, 0.00124875, 0.838412], 
              [0.00124875, 0.00124875, 0.996254, 0.00124875], 
              [0.00124875, 0.320929, 0.00124875, 0.676573], 
              [0.00124875, 0.996254, 0.00124875, 0.00124875], 
              [0.926324, 0.0711788, 0.00124875, 0.00124875], 
              [0.404441, 0.334581, 0.259731, 0.00124775], 
              [0.00124875, 0.00124875, 0.00124875, 0.996254], 
              [0.00124875, 0.996254, 0.00124875, 0.00124875], 
              [0.921329, 0.0132368, 0.00124875, 0.0641858]
            ]
          }, {
            "db": 0,
            "id": "ARCH1330_Tbx20",
            "len": 11,
            "nsites": 100,
            "pwm": [
              [0.0771728, 0.25, 0.582667, 0.0901598], 
              [0.0402098, 0.184066, 0.00124875, 0.774476], 
              [0.00124875, 0.00124875, 0.996254, 0.00124875], 
              [0.165085, 0.336913, 0.103147, 0.394855], 
              [0.0102398, 0.00824176, 0.0412088, 0.94031], 
              [0.0142358, 0.00124875, 0.983267, 0.00124875], 
              [0.955295, 0.00424575, 0.0182318, 0.0222278], 
              [0.222028, 0.746503, 0.0112388, 0.0202298], 
              [0.986264, 0.00124875, 0.00124875, 0.0112388], 
              [0.158092, 0.0402098, 0.672577, 0.129121], 
              [0.108142, 0.354895, 0.427822, 0.109141]
            ]
          }, {
            "db": 0,
            "id": "ARCH1352_Gata3/Gata1/Gata2",
            "len": 14,
            "nsites": 100,
            "pwm": [
              [0.999251, 0.00024975, 0.00024975, 0.00024975], 
              [0.20005, 0.20005, 0.20005, 0.39985], 
              [0.33325, 0.252522, 0.080977, 0.33325], 
              [0.202068, 0.131432, 0.33325, 0.33325], 
              [0.20005, 0.13012, 0.26998, 0.39985], 
              [0.11125, 0.33325, 0.33325, 0.22225], 
              [0.25999, 0.31993, 0.00024975, 0.41983], 
              [0.00024975, 0.00024975, 0.999251, 0.00024975], 
              [0.999251, 0.00024975, 0.00024975, 0.00024975], 
              [0.00024975, 0.00024975, 0.00024975, 0.999251], 
              [0.999251, 0.00024975, 0.00024975, 0.00024975], 
              [0.702517, 0.0991608, 0.0991608, 0.0991608], 
              [0.00024975, 0.21004, 0.62962, 0.16009], 
              [0.13012, 0.30994, 0.49975, 0.0601898]
            ]
          }, {
            "db": 0,
            "id": "ARCH1355_GAT1",
            "len": 10,
            "nsites": 100,
            "pwm": [
              [0.0262238, 0.902348, 0.0342158, 0.0372128], 
              [0.0881618, 0.0681818, 0.177073, 0.666583], 
              [0.0511988, 0.0961538, 0.0771728, 0.775475], 
              [0.872378, 0.0422078, 0.0422078, 0.0432068], 
              [0.0831668, 0.0472028, 0.10015, 0.769481], 
              [0.0681818, 0.779471, 0.0911588, 0.0611888], 
              [0.0651848, 0.0731768, 0.797453, 0.0641858], 
              [0.0402098, 0.0751748, 0.835415, 0.0492008], 
              [0.0641858, 0.786464, 0.0611888, 0.0881618], 
              [0.0561938, 0.0531968, 0.0741758, 0.816434]
            ]
          }, {
            "db": 0,
            "id": "ARCH1362_Six1/_Six4/Six5",
            "len": 13,
            "nsites": 100,
            "pwm": [
              [0.176584, 0.0200869, 0.204765, 0.598563], 
              [0.0243546, 0.00896603, 0.943608, 0.0230699], 
              [0.501914, 0.0407802, 0.0578052, 0.3995], 
              [0.880311, 0.0776953, 0.00874426, 0.0332498], 
              [0.985333, 0.00515485, 0.0049021, 0.00461039], 
              [0.0515774, 0.586573, 0.0513427, 0.310507], 
              [0.215541, 0.483571, 0.061035, 0.239852], 
              [0.0932468, 0.0958132, 0.0549331, 0.756007], 
              [0.0853347, 0.0152388, 0.868644, 0.0307822], 
              [0.984362, 0.00425574, 0.00503297, 0.00634965], 
              [0.0792188, 0.181311, 0.311685, 0.427784], 
              [0.462727, 0.405276, 0.0475205, 0.0844765], 
              [0.149991, 0.550147, 0.0747932, 0.225069]
            ]
          }, {
            "db": 0,
            "id": "ARCH1444_Gata3/Gata1/Gata2",
            "len": 6,
            "nsites": 100,
            "pwm": [
              [0.0716783, 0.000749251, 0.926823, 0.000749251], 
              [0.955794, 0.0427073, 0.000749251, 0.000749251], 
              [0.000749251, 0.000749251, 0.000749251, 0.997752], 
              [0.84077, 0.000749251, 0.000749251, 0.157732], 
              [0.71372, 0.107804, 0.0523057, 0.126171], 
              [0.0915335, 0.176074, 0.636749, 0.0956434]
            ]
          }, {
            "db": 0,
            "id": "ARCH1455_Gata3/Gata1/Gata2",
            "len": 10,
            "nsites": 100,
            "pwm": [
              [0.466451, 0.39985, 0.0668501, 0.0668501], 
              [0.13345, 0.26665, 0.20005, 0.39985], 
              [0.73285, 0.13345, 0.00024975, 0.13345], 
              [0.00024975, 0.00024975, 0.999251, 0.00024975], 
              [0.999251, 0.00024975, 0.00024975, 0.00024975], 
              [0.00024975, 0.00024975, 0.00024975, 0.999251], 
              [0.93265, 0.0668501, 0.00024975, 0.00024975], 
              [0.999251, 0.00024975, 0.00024975, 0.00024975], 
              [0.20005, 0.26665, 0.466451, 0.0668501], 
              [0.59965, 0.0668501, 0.33325, 0.00024975]
            ]
          }, {
            "db": 0,
            "id": "ARCH1457_Gata3/Gata1/Gata2",
            "len": 7,
            "nsites": 100,
            "pwm": [
              [0.478226, 0.144434, 0.0244525, 0.352889], 
              [0.00355445, 0.00126973, 0.993624, 0.00155145], 
              [0.991101, 0.00188611, 0.00063037, 0.00638262], 
              [0.00471828, 0.00284416, 0.00408392, 0.988354], 
              [0.856063, 0.0273586, 0.0141698, 0.102409], 
              [0.782943, 0.0433876, 0.102058, 0.0716124], 
              [0.113488, 0.318894, 0.491229, 0.0763896]
            ]
          }, {
            "db": 0,
            "id": "ARCH1458_Gata3/Gata1/Gata2",
            "len": 11,
            "nsites": 100,
            "pwm": [
              [0.556753, 0.157775, 0.0357413, 0.24973], 
              [0.00447053, 0.0262338, 0.965351, 0.00394505], 
              [0.954442, 0.00545455, 0.0223067, 0.0177972], 
              [0.00510689, 0.0257353, 0.00652847, 0.96263], 
              [0.937667, 0.00731668, 0.00761738, 0.0473976], 
              [0.964056, 0.00773826, 0.0274725, 0.000733267], 
              [0.0644515, 0.219022, 0.701288, 0.0152388], 
              [0.846787, 0.068989, 0.0712018, 0.013022], 
              [0.0752507, 0.0724036, 0.0767413, 0.775604], 
              [0.309369, 0.530798, 0.0858282, 0.074005], 
              [0.430445, 0.0354396, 0.0931588, 0.440956]
            ]
          }, {
            "db": 0,
            "id": "ARCH1459_Gata3/Gata1/Gata2",
            "len": 7,
            "nsites": 100,
            "pwm": [
              [0.613082, 0.11259, 0.0153546, 0.258973], 
              [0.00123477, 0.00423676, 0.993262, 0.00126673], 
              [0.995101, 0.00151449, 0.000749251, 0.00263437], 
              [0.000999001, 0.00624376, 0.000749251, 0.992008], 
              [0.911162, 0.026026, 0.00324675, 0.0595654], 
              [0.821701, 0.0270519, 0.1004, 0.0508472], 
              [0.156553, 0.3021, 0.474255, 0.0670919]
            ]
          }, {
            "db": 0,
            "id": "ARCH1464_Gata3/Gata1/Gata2",
            "len": 9,
            "nsites": 100,
            "pwm": [
              [0.20533, 0.227664, 0.530208, 0.0367982], 
              [0.650007, 0.156597, 0.0246154, 0.16878], 
              [0.00024975, 0.00024975, 0.999251, 0.00024975], 
              [0.999251, 0.00024975, 0.00024975, 0.00024975], 
              [0.00024975, 0.00024975, 0.00024975, 0.999251], 
              [0.766422, 0.172165, 0.0124326, 0.048981], 
              [0.74747, 0.0246154, 0.0557502, 0.172165], 
              [0.128847, 0.208713, 0.404994, 0.257446], 
              [0.828689, 0.0246154, 0.0733477, 0.0733477]
            ]
          }, {
            "db": 0,
            "id": "ARCH1465_Gata3/Gata1/Gata2",
            "len": 8,
            "nsites": 100,
            "pwm": [
              [0.803856, 0.0149351, 0.0183866, 0.162822], 
              [0.0121319, 0.00635465, 0.978085, 0.00342757], 
              [0.981787, 0.00488511, 0.0068012, 0.00652747], 
              [0.0560649, 0.00706893, 0.0185754, 0.91829], 
              [0.942453, 0.00939061, 0.0186923, 0.0294645], 
              [0.921276, 0.00584116, 0.0437802, 0.0291039], 
              [0.160946, 0.135421, 0.659874, 0.0437582], 
              [0.530928, 0.143144, 0.244992, 0.0809361]
            ]
          }, {
            "db": 0,
            "id": "ARCH1468_Gata3/Gata1/Gata2",
            "len": 8,
            "nsites": 100,
            "pwm": [
              [0.671071, 0.0333077, 0.00858042, 0.287041], 
              [0.00306494, 0.00124875, 0.992621, 0.00306494], 
              [0.98808, 0.00406394, 0.00433666, 0.00351948], 
              [0.00760639, 0.011965, 0.0182498, 0.962179], 
              [0.916815, 0.00841259, 0.0107902, 0.063982], 
              [0.896112, 0.00660739, 0.0792727, 0.018009], 
              [0.121689, 0.171482, 0.674616, 0.0322128], 
              [0.432223, 0.184807, 0.345008, 0.037962]
            ]
          }, {
            "db": 0,
            "id": "ARCH1469_Gata3/Gata1/Gata2",
            "len": 7,
            "nsites": 100,
            "pwm": [
              [0.612988, 0.0745315, 0.00643956, 0.306042], 
              [0.00111588, 0.00082018, 0.997243, 0.00082018], 
              [0.997538, 0.00082018, 0.00082018, 0.00082018], 
              [0.00082018, 0.00082018, 0.00082018, 0.997538], 
              [0.974038, 0.00277922, 0.00129171, 0.0218901], 
              [0.944986, 0.00804096, 0.0323586, 0.0146144], 
              [0.0453686, 0.2412, 0.692006, 0.0214246]
            ]
          }, {
            "db": 0,
            "id": "ARCH1472_Gata3/Gata1/Gata2",
            "len": 7,
            "nsites": 100,
            "pwm": [
              [0.466933, 0.0969171, 0.0277682, 0.408382], 
              [0.00882817, 0.00402797, 0.980213, 0.00693107], 
              [0.976335, 0.00628072, 0.0033047, 0.0140799], 
              [0.00721279, 0.00707493, 0.00191608, 0.983796], 
              [0.833373, 0.0288112, 0.00965634, 0.12816], 
              [0.793173, 0.037033, 0.0821409, 0.0876533], 
              [0.0994226, 0.336661, 0.45505, 0.108867]
            ]
          }, {
            "db": 0,
            "id": "ARCH1500_PB0040.1_Lef1_1__THRB",
            "len": 12,
            "nsites": 100,
            "pwm": [
              [0.0357143, 0.143107, 0.776973, 0.0442058], 
              [0.134615, 0.00124875, 0.83042, 0.0337163], 
              [0.766484, 0.0147353, 0.203546, 0.0152348], 
              [0.119131, 0.00874126, 0.101648, 0.77048], 
              [0.0487013, 0.694555, 0.00124875, 0.255495], 
              [0.877373, 0.00124875, 0.0427073, 0.0786713], 
              [0.818931, 0.0147353, 0.151598, 0.0147353], 
              [0.768482, 0.0287213, 0.179071, 0.0237263], 
              [0.0247253, 0.0407093, 0.728521, 0.206044], 
              [0.0297203, 0.0531968, 0.825924, 0.0911588], 
              [0.00124875, 0.0147353, 0.185564, 0.798452], 
              [0.0262238, 0.150599, 0.0147353, 0.808442]
            ]
          }, {
            "db": 0,
            "id": "ARCH1502_Meis3/Meis2/Meis1_...",
            "len": 12,
            "nsites": 100,
            "pwm": [
              [0.115248, 0.0488741, 0.0795914, 0.756287], 
              [0.0326294, 0.0385974, 0.909339, 0.0194346], 
              [0.95023, 0.0173217, 0.0187463, 0.0137033], 
              [0.0250809, 0.22, 0.367802, 0.387117], 
              [0.0524845, 0.030027, 0.0719011, 0.845586], 
              [0.0144725, 0.00638162, 0.970691, 0.00845455], 
              [0.780816, 0.00394805, 0.208635, 0.0065994], 
              [0.0146324, 0.953635, 0.00643656, 0.0252947], 
              [0.816487, 0.0201139, 0.107458, 0.0559421], 
              [0.0525325, 0.0903387, 0.777958, 0.0791708], 
              [0.110813, 0.371274, 0.430542, 0.0873706], 
              [0.0961538, 0.685564, 0.0332168, 0.185065]
            ]
          }, {
            "db": 0,
            "id": "ARCH1503_Meis3/Meis2/Meis1_...",
            "len": 6,
            "nsites": 100,
            "pwm": [
              [0.0314685, 0.00024975, 0.0314685, 0.936813], 
              [0.00024975, 0.00024975, 0.999251, 0.00024975], 
              [0.874376, 0.00024975, 0.0314685, 0.0939061], 
              [0.00024975, 0.999251, 0.00024975, 0.00024975], 
              [0.999251, 0.00024975, 0.00024975, 0.00024975], 
              [0.0314685, 0.125125, 0.811938, 0.0314685]
            ]
          }, {
            "db": 0,
            "id": "ARCH1520_Nkx2-2/Nkx2-9",
            "len": 8,
            "nsites": 100,
            "pwm": [
              [0.0813956, 0.0576523, 0.0371548, 0.823798], 
              [0.0175994, 0.621329, 0.151372, 0.209699], 
              [0.840745, 0.0023007, 0.154654, 0.0023007], 
              [0.990563, 0.00627073, 0.00131369, 0.00185215], 
              [0.00127473, 0.00127473, 0.990586, 0.00686414], 
              [0.0165415, 0.00198102, 0.00318781, 0.97829], 
              [0.0908601, 0.00191708, 0.902872, 0.00435065], 
              [0.0208422, 0.270071, 0.556106, 0.152981]
            ]
          }, {
            "db": 0,
            "id": "ARCH1545_Meis3/Meis2/Meis1_...",
            "len": 6,
            "nsites": 100,
            "pwm": [
              [0.000270729, 0.00024975, 0.00588511, 0.993594], 
              [0.000555445, 0.00024975, 0.998945, 0.00024975], 
              [0.999251, 0.00024975, 0.00024975, 0.00024975], 
              [0.00024975, 0.990563, 0.00024975, 0.00893706], 
              [0.948931, 0.0019001, 0.0363427, 0.0128262], 
              [0.128816, 0.118506, 0.574867, 0.17781]
            ]
          }, {
            "db": 0,
            "id": "ARCH1555_Nr2c1/Nr2c2_Nr2f1/...",
            "len": 6,
            "nsites": 100,
            "pwm": [
              [0.861524, 0.000749251, 0.136977, 0.000749251], 
              [0.000749251, 0.0234535, 0.975048, 0.000749251], 
              [0.000749251, 0.000749251, 0.997752, 0.000749251], 
              [0.000749251, 0.000749251, 0.0234535, 0.975048], 
              [0.000749251, 0.676074, 0.000749251, 0.322428], 
              [0.952343, 0.000749251, 0.0461588, 0.000749251]
            ]
          }, {
            "db": 0,
            "id": "ARCH1557_Hnf4g/Hnf4a_Nr2c1/...",
            "len": 6,
            "nsites": 100,
            "pwm": [
              [0.538177, 0.0271369, 0.421698, 0.012988], 
              [0.0106224, 0.00737063, 0.943166, 0.0388402], 
              [0.0151099, 0.000976024, 0.903306, 0.0806094], 
              [0.00891608, 0.0181538, 0.0427393, 0.930191], 
              [0.00909091, 0.88594, 0.0293506, 0.0756184], 
              [0.847748, 0.0102757, 0.127099, 0.0148771]
            ]
          }, {
            "db": 0,
            "id": "ARCH1561_THRb",
            "len": 6,
            "nsites": 100,
            "pwm": [
              [0.798452, 0.00124875, 0.199051, 0.00124875], 
              [0.00124875, 0.0252248, 0.972278, 0.00124875], 
              [0.00124875, 0.0162338, 0.914336, 0.0681818], 
              [0.204046, 0.0511988, 0.0581918, 0.686563], 
              [0.0382118, 0.882368, 0.0362138, 0.0432068], 
              [0.971279, 0.00124875, 0.0262238, 0.00124875]
            ]
          }, {
            "db": 0,
            "id": "ARCH1585_Nr2c1/Nr2c2_Nr2f1/...",
            "len": 6,
            "nsites": 100,
            "pwm": [
              [0.521782, 0.0176553, 0.453648, 0.00691409], 
              [0.00162837, 0.000821179, 0.964152, 0.0333976], 
              [0.00394306, 0.000308691, 0.979113, 0.0166354], 
              [0.0257413, 0.0453257, 0.0500659, 0.878866], 
              [0.00499401, 0.950718, 0.000354645, 0.0439331], 
              [0.89551, 0.00864036, 0.0936703, 0.00217882]
            ]
          }, {
            "db": 0,
            "id": "ARCH1586_Nr2c1/Nr2c2_Nr2f1/...",
            "len": 6,
            "nsites": 100,
            "pwm": [
              [0.525197, 0.0946613, 0.353674, 0.0264665], 
              [0.0281179, 0.0162198, 0.908191, 0.0474715], 
              [0.0167443, 0.0113007, 0.873945, 0.098009], 
              [0.0362557, 0.0303187, 0.0380999, 0.895327], 
              [0.020013, 0.876413, 0.0235634, 0.08001], 
              [0.865857, 0.00546354, 0.0995724, 0.0291069]
            ]
          }, {
            "db": 0,
            "id": "ARCH1587_RAR:RXR",
            "len": 12,
            "nsites": 100,
            "pwm": [
              [0.661588, 0.0571928, 0.27997, 0.00124875], 
              [0.00124875, 0.00124875, 0.984266, 0.0132368], 
              [0.0142358, 0.00124875, 0.62962, 0.354895], 
              [0.00124875, 0.0681818, 0.0352148, 0.895355], 
              [0.0292208, 0.909341, 0.0292208, 0.0322178], 
              [0.996254, 0.00124875, 0.00124875, 0.00124875], 
              [0.859391, 0.00124875, 0.138112, 0.00124875], 
              [0.117133, 0.00124875, 0.88037, 0.00124875], 
              [0.00124875, 0.0112388, 0.887363, 0.10015], 
              [0.256993, 0.138112, 0.19006, 0.414835], 
              [0.0711788, 0.638611, 0.189061, 0.101149], 
              [0.601648, 0.0322178, 0.246004, 0.12013]
            ]
          }, {
            "db": 0,
            "id": "ARCH1591_Nr2c1/Nr2c2_Nr2f1/...",
            "len": 8,
            "nsites": 100,
            "pwm": [
              [0.288208, 0.509113, 0.133807, 0.0688721], 
              [0.69496, 0.0108302, 0.283381, 0.0108302], 
              [0.866619, 0.000288711, 0.132803, 0.000288711], 
              [0.000288711, 0.000288711, 0.999135, 0.000288711], 
              [0.000288711, 0.000288711, 0.996637, 0.00278621], 
              [0.0252637, 0.0177712, 0.0227662, 0.9342], 
              [0.000288711, 0.966667, 0.0327562, 0.000288711], 
              [0.971662, 0.0102787, 0.0102787, 0.00778122]
            ]
          }, {
            "db": 0,
            "id": "ARCH1595_Nr2c1/Nr2c2_Nr2f1/...",
            "len": 9,
            "nsites": 100,
            "pwm": [
              [0.39987, 0.0980569, 0.393323, 0.108749], 
              [0.635179, 0.0684266, 0.285934, 0.0104605], 
              [0.0086024, 0.0044995, 0.95984, 0.0270579], 
              [0.00496104, 0.000301698, 0.935348, 0.0593886], 
              [0.0293946, 0.000297702, 0.0335385, 0.936769], 
              [0.0164565, 0.933839, 0.0216434, 0.0280609], 
              [0.887832, 0.000305694, 0.108569, 0.00329271], 
              [0.252265, 0.346982, 0.170066, 0.230687], 
              [0.180026, 0.187975, 0.504447, 0.127552]
            ]
          }, {
            "db": 0,
            "id": "ARCH1597_Nr2c1/Nr2c2_Nr2f1/...",
            "len": 20,
            "nsites": 100,
            "pwm": [
              [0.26051, 0.124374, 0.550801, 0.0643137], 
              [0.210461, 0.112362, 0.550801, 0.126377], 
              [0.37062, 0.0563057, 0.464715, 0.108358], 
              [0.284534, 0.0923417, 0.432683, 0.190441], 
              [0.168419, 0.208459, 0.554805, 0.0683177], 
              [0.394645, 0.0943437, 0.356606, 0.154405], 
              [0.102352, 0.156407, 0.244495, 0.496747], 
              [0.11036, 0.506757, 0.26051, 0.122372], 
              [0.442693, 0.230481, 0.192443, 0.134385], 
              [0.428679, 0.0683177, 0.354604, 0.148399], 
              [0.366616, 0.0502997, 0.548799, 0.0342837], 
              [0.811062, 0.00625574, 0.168419, 0.0142637], 
              [0.0422917, 0.00024975, 0.949201, 0.00825774], 
              [0.0202697, 0.0102597, 0.508759, 0.460711], 
              [0.0162657, 0.0462957, 0.0663157, 0.871122], 
              [0.00225175, 0.937189, 0.0402897, 0.0202697], 
              [0.983235, 0.00024975, 0.00425375, 0.0122617], 
              [0.562813, 0.108358, 0.256506, 0.0723217], 
              [0.178429, 0.0523017, 0.69895, 0.0703197], 
              [0.112362, 0.0863357, 0.736988, 0.0643137]
            ]
          }, {
            "db": 0,
            "id": "ARCH1653_M02408_2.00",
            "len": 8,
            "nsites": 100,
            "pwm": [
              [0.199022, 0.109954, 0.58107, 0.109954], 
              [0.759808, 0.194197, 0.022998, 0.022998], 
              [0.106467, 0.329608, 0.540927, 0.022998], 
              [0.000451548, 0.000451548, 0.998644, 0.000451548], 
              [0.000451548, 0.000451548, 0.000451548, 0.998644], 
              [0.000451548, 0.998644, 0.000451548, 0.000451548], 
              [0.998644, 0.000451548, 0.000451548, 0.000451548], 
              [0.755884, 0.0495704, 0.144974, 0.0495704]
            ]
          }, {
            "db": 0,
            "id": "ARCH1655_Nr2c1/Nr2c2_Nr2f1/...",
            "len": 8,
            "nsites": 100,
            "pwm": [
              [0.56246, 0.0513756, 0.228933, 0.157232], 
              [0.833289, 0.00405694, 0.161643, 0.00101099], 
              [0.00024975, 0.00181818, 0.997682, 0.00024975], 
              [0.00024975, 0.00246953, 0.964471, 0.0328102], 
              [0.00406993, 0.00502498, 0.0174406, 0.973464], 
